20000
534 1690 1890 1421 1452 1616 1166 627 264 1471 260 1685 1569 1411 938 1996 1840 266 211 455 1967 910 1165 1174 1725 634 1201 777 259 1134 61 258 825 722 410 969 1135 654 963 81 1726 1776 856 1219 1277 1408 1057 1314 767 1771 1867 1047 116 940 21 1312 545 1121 1074 32 603 1076 583 675 1368 880 782 826 471 1466 660 1027 1449 1129 252 234 642 1391 1935 1362 1122 762 773 698 1865 657 36 1988 1744 1193 1362 451 1196 1453 551 462 1706 218 377 389
793 1810 1651 1975 1329 265 951 1808 1500 1012 1376 1059 1479 710 1597 466 1581 59 692 1826 212 1811 85 708 1801 115 1000 631 486 483 732 1313 555 220 1242 1607 264 1328 1894 61 210 1987 922 1810 1682 344 681 789 583 1996 1029 829 886 1808 1026 1773 873 1650 1224 1480 1798 676 1919 405 748 312 1176 1398 823 772 1914 1861 1339 407 379 185 1470 979 785 1789 858 967 1139 1062 1983 587 918 1496 991 480 998 396 1842 1310 631 764 622 1943 806 257
1296 983 1269 1967 1667 108 244 1413 1675 33 158 929 570 1796 1257 1106 751 1660 1810 1969 953 349 45 313 238 1166 102 1502 465 1287 485 946 1501 1572 1151 502 1699 1005 1807 744 1460 905 1016 1078 1732 754 1239 1377 695 1588 846 1844 1328 464 1501 302 1880 1008 322 1085 1373 4 638 1099 473 1793 2000 525 1325 1422 1945 1909 893 1842 327 104 840 21 246 816 1666 173 1007 842 1067 1638 404 1729 276 1503 181 1178 923 170 1059 1210 1465 623 964 1411
1823 1111 658 635 596 1763 1936 356 110 74 1538 1334 1343 84 1600 1622 1672 1221 707 49 1226 119 887 460 1666 156 1581 720 1918 202 1719 397 525 1606 36 1498 894 1316 116 1457 1739 359 1276 1990 1365 1759 1174 287 1191 1562 175 267 56 26 1099 333 1910 1106 1104 1381 491 1620 619 492 1055 1089 1551 76 1225 1302 1336 1141 1309 1538 1696 718 384 1951 1849 1908 375 828 1838 1209 438 495 485 91 935 722 670 231 853 425 820 1261 339 155 1502 1658
520 560 1769 1283 576 900 1864 1182 1410 1576 629 655 1399 570 665 1723 1205 1690 731 472 963 1614 1485 1291 2000 1962 1871 1061 1416 404 1483 1683 1596 993 1560 327 569 929 252 1004 143 1611 214 1777 1805 922 259 923 1206 1940 920 316 1868 1687 1464 869 1145 1959 1540 371 1386 1451 1633 1354 1906 1006 788 29 871 946 23 296 588 1019 558 805 256 566 546 1795 1373 745 1800 1143 1942 747 1780 1684 910 803 1523 1365 436 1760 516 429 1190 697 1857 440
1817 771 1090 538 1271 303 809 657 1865 175 1596 345 1421 855 1254 933 1302 1792 1406 1851 938 656 197 967 87 1570 410 934 730 861 1552 891 1296 37 179 313 77 1718 835 1514 1457 1490 490 1991 1053 354 38 1554 1616 1792 1270 1301 740 1113 605 1264 1936 227 977 279 1736 1289 1423 1841 1671 96 150 665 153 1534 1034 430 1581 1504 223 1575 557 1493 1769 1700 1057 1768 1604 1879 1110 967 1862 1968 480 1349 1280 1431 1518 806 476 1036 503 13 1713 275
492 1575 1879 1128 837 79 1122 1308 1550 1825 301 749 1210 950 1297 1208 116 1729 581 657 1489 1322 999 799 1860 1718 1384 1412 1189 1462 1518 291 33 411 1120 886 222 1005 1029 1953 1684 161 204 875 1205 1277 1478 1167 834 208 998 1060 1382 543 1528 840 1528 736 1365 1818 1003 307 1200 177 355 1060 314 1096 622 58 1802 752 1543 1033 1725 1091 1130 1279 1450 1014 713 583 1020 557 83 978 545 465 1010 291 1906 1220 1500 757 815 259 1831 1233 1764 1463
1600 1848 1049 1041 1479 727 1947 582 1504 433 1160 661 767 8 1936 1754 1781 442 1921 1816 793 120 829 1782 1990 1326 853 1525 1765 1812 560 581 1395 830 1640 1835 803 1337 1828 1742 1292 1164 309 1279 192 67 21 1448 1415 293 1300 345 29 589 436 1432 1430 1459 1259 1467 1996 288 1652 1389 1359 471 233 995 1774 1014 1020 1509 1513 606 661 911 57 1789 997 663 1972 487 839 791 1814 601 1454 1482 364 1105 1820 794 312 837 499 1364 1431 781 226 917
22 1359 1631 1574 945 157 1486 1698 776 149 1020 1104 789 665 1810 263 521 88 933 1837 1419 1015 1430 1802 60 958 1402 207 810 1134 1770 408 714 1330 536 679 1780 826 511 656 1785 851 1222 562 1257 1884 1437 818 626 1358 1025 588 1940 1254 1353 686 102 1376 1047 790 1988 581 1763 1487 292 414 341 1495 1709 1204 904 466 968 248 338 749 939 1698 11 1921 1447 1563 59 587 1689 1283 211 849 1542 152 1865 412 492 50 1910 732 1084 1342 716 1116
552 1173 1041 1116 989 1461 754 672 1338 1833 330 428 472 855 450 603 1395 1262 360 523 291 1071 118 1470 790 1009 1760 1367 1322 1511 1477 740 1545 434 1567 1089 625 579 1941 926 1551 1272 1773 991 1631 945 1696 543 1844 1554 1327 886 994 96 335 1859 1608 593 1783 653 426 167 353 1918 805 262 32 1162 298 1270 1654 1486 1686 1644 1763 674 428 312 1627 1887 688 996 1293 72 749 1924 989 1247 694 1464 492 641 1972 1025 1247 576 1580 565 1540 846
1264 1514 1492 77 1188 435 1071 452 16 1235 1750 1172 1638 1701 3 1591 842 334 1027 1657 1304 531 1976 1985 1739 1984 1169 256 121 1212 552 302 1881 1898 186 1505 1584 1896 1011 875 91 199 770 502 82 1311 971 715 778 1570 179 1885 359 800 124 1201 531 1543 1171 591 51 1903 11 1766 1166 937 1674 633 1175 989 301 508 745 156 70 811 254 968 778 896 1825 19 586 721 769 262 1020 1686 1586 1899 407 1808 856 160 1931 69 1675 1224 234 1228
970 1698 1229 1065 1678 614 1599 1229 1467 310 274 1233 928 1602 929 456 324 28 1649 1828 161 1407 774 449 734 573 545 890 1931 1082 522 477 1711 1970 1347 148 1887 794 1515 294 326 726 310 352 1929 1431 145 656 1741 1308 994 1832 176 1831 747 475 618 1969 1554 633 1780 324 1243 1951 150 417 1798 1339 984 1891 139 1969 1640 1503 790 1550 176 908 943 1597 1752 1595 1558 189 1162 882 1595 1283 132 1882 692 1265 110 42 902 112 211 1402 160 1050
1113 1039 804 668 1957 1020 43 1584 1884 356 1620 1464 782 617 1529 119 1129 774 384 1590 574 318 1409 1705 487 1670 740 1935 735 982 1995 455 1717 1660 192 948 1726 1128 102 183 413 1826 79 1556 368 670 603 1344 978 344 995 1721 624 58 1794 697 1502 1267 1951 1781 1127 1222 786 611 485 951 1966 1351 1701 1068 821 274 712 917 1553 426 351 1507 1080 566 512 1845 713 1997 363 598 428 22 154 1569 301 622 621 1078 55 449 50 915 1771 1701
395 442 1797 842 1938 980 277 475 1622 1612 326 333 697 1490 738 1917 1893 155 1898 201 1855 1203 321 418 32 1332 948 686 936 975 889 316 973 708 658 1120 235 1938 219 511 329 167 1921 402 1692 1013 1045 1687 931 1599 102 579 387 240 1493 779 1639 690 16 23 1047 1556 935 1665 820 1679 191 771 1527 818 189 278 996 687 1208 1508 1691 200 1376 987 542 1946 945 209 1737 1190 1087 318 750 1103 1030 1351 740 1309 1646 1564 602 1478 1650 617
1580 953 963 1679 295 1892 1866 202 587 1536 506 265 1475 1449 1782 1783 84 367 366 190 915 1343 1415 285 189 1315 322 1150 1023 453 622 461 678 1756 338 1665 366 386 596 1509 1480 1477 673 843 709 1069 1829 420 1952 114 1859 1568 1902 1335 768 495 118 439 1624 1892 640 288 769 97 1305 997 1735 387 306 488 1717 1272 85 1016 748 861 84 1883 502 918 1924 925 149 179 1317 1595 1220 1403 836 1327 740 1794 1261 178 1104 98 1719 458 1279 356
1725 1466 1279 941 1545 968 777 1757 490 148 632 564 663 1139 1717 539 1128 420 877 1261 367 1128 755 1771 386 1810 1252 116 344 558 1118 752 612 278 645 1624 821 1516 741 1703 608 1923 1242 667 1966 1709 1769 859 1839 1147 1311 772 1232 763 544 870 1427 1878 278 1876 1177 1096 369 1574 127 1691 752 214 1973 756 272 1212 1755 468 436 1011 850 1914 1581 324 1295 379 758 1710 1750 1601 1431 1064 327 135 261 882 578 1545 212 1515 1343 705 1867 650
258 1558 1557 1601 1802 145 1710 1276 769 242 1759 348 199 76 886 338 951 715 1329 1882 1497 1044 1762 447 302 1009 1731 520 450 89 1247 672 171 190 974 1818 1295 77 1454 655 677 986 178 1993 22 973 132 919 458 308 567 1806 1612 1877 60 1536 1529 105 1390 1470 974 1871 527 380 94 449 1467 707 245 937 1266 208 1970 1908 593 860 498 582 1240 1640 1156 947 617 1370 414 1945 173 731 1871 583 885 604 1387 239 1900 860 484 891 1323 366
1485 1350 1738 262 1264 1476 199 1292 1369 453 443 656 469 351 1225 1907 532 1064 1325 1003 1252 94 564 613 1489 1787 1362 517 196 1462 600 92 1831 1564 1832 326 434 890 1391 276 852 1176 1430 367 19 1132 238 1151 736 1508 1392 840 1036 1028 488 538 741 1593 1020 846 1951 361 1899 1201 622 381 532 146 1611 1417 1331 1525 1755 1265 197 1993 722 67 1259 1298 1321 1413 465 1403 1379 763 910 895 1204 1128 83 366 1451 20 1734 1468 802 1690 9 565
394 1682 1427 603 754 119 1431 1408 75 174 1768 729 521 545 1580 1210 854 1325 1307 228 1461 1267 835 100 1911 778 672 1161 481 618 723 1625 652 1715 1251 1126 1498 118 587 234 1301 26 1401 1086 849 1398 22 1008 1716 1808 218 1572 1930 1535 1005 1400 315 943 1461 596 1385 667 1941 841 1796 1054 1219 1275 1693 1029 761 1431 1278 63 60 1612 958 223 1809 1654 1337 1898 1730 1100 1310 993 286 1626 392 1641 1651 307 17 1154 6 578 1731 193 1495 1204
753 274 1678 468 1175 1940 619 610 1578 446 1353 1827 392 1196 544 208 143 1962 1365 488 1074 1782 818 508 1299 335 1509 1083 347 1095 970 1914 1332 514 1988 1529 1523 377 1361 1510 1226 755 1626 333 227 920 176 748 623 1418 1299 1525 747 1537 1664 806 416 1714 1954 1269 933 100 208 471 1566 161 362 844 912 124 787 953 447 1893 502 855 62 1771 515 1710 273 1187 1172 1005 1772 604 495 1475 109 233 930 345 1361 1375 85 960 1962 1607 1295 895
1819 190 1359 197 1529 411 657 1381 1749 1254 1609 1182 404 44 1368 1171 1642 1630 645 75 187 6 1754 617 1658 456 1757 564 1817 1911 1166 1473 1291 793 1796 378 1157 1717 84 201 1219 707 751 72 737 1346 1495 1057 1250 992 733 1491 1985 899 28 1139 1177 378 673 893 131 141 84 1862 95 420 1712 383 1630 697 1112 872 1830 213 1339 1193 1796 1327 450 497 621 1251 1471 479 1417 270 9 1077 802 883 912 1866 967 61 86 1039 787 791 1491 1481
1964 449 717 1125 800 1782 445 1712 680 21 907 1732 218 1326 398 1103 13 13 403 77 573 708 482 293 1626 1750 977 403 1915 198 959 1868 546 389 936 265 1711 158 1712 1751 559 1889 1190 704 1062 1311 1974 1391 765 446 482 1375 1547 1512 923 1818 1099 1416 1486 1362 508 909 1854 1175 1661 1753 1897 1639 1376 486 566 586 918 1976 1742 1933 583 709 1134 79 172 871 1238 1542 943 654 1464 1923 267 1553 1690 1094 608 621 1527 883 811 20 1692 1824
1034 764 89 1066 926 1822 74 881 812 788 1881 1035 701 1874 1606 442 1534 184 918 967 1330 776 1285 581 879 1510 1059 1360 1927 694 777 396 1161 1731 1297 609 967 1281 600 843 1077 1677 665 432 1293 728 1188 90 222 664 1594 1345 1608 154 1676 1232 1212 473 1245 1767 434 775 1842 1596 1813 564 1800 22 1082 995 1342 1086 282 73 966 250 829 1600 786 1329 1547 1627 1793 744 1216 181 1844 638 1054 585 1582 946 1102 826 24 1549 1711 1199 925 436
1497 401 1428 1699 758 824 819 217 1217 1805 1648 1303 1068 1878 108 812 1123 1524 1665 999 1778 1659 1084 1469 1587 934 1340 425 37 1592 1886 1739 50 1156 856 1288 1325 1237 1568 813 324 330 1354 1146 865 879 1554 1208 1693 470 443 850 1455 1390 1656 419 116 1600 216 784 292 1291 662 47 775 1026 600 731 916 281 1150 1228 1800 1559 1263 807 1881 623 1435 342 698 1187 764 1805 1265 12 1107 764 263 822 1113 1979 484 35 1181 1023 410 1613 146 756
1038 611 230 1801 282 1878 325 672 971 1025 594 883 1015 236 1194 823 1327 1172 1226 249 609 947 1511 527 568 544 521 1877 760 1250 417 840 1481 1022 112 513 691 1636 1405 208 1815 553 904 1370 897 1596 1821 1967 1594 1365 1488 1547 886 1521 667 97 1764 985 1989 545 1930 692 269 1136 1455 132 453 1281 811 1852 1311 511 336 1164 987 1585 34 298 603 1848 1655 1185 262 1896 1336 1973 209 913 1375 1714 287 44 4 1259 1361 1341 817 56 722 1804
1517 728 1751 1406 594 363 597 1396 1003 969 1250 853 1022 373 27 898 1287 1248 380 1154 950 727 341 197 1471 818 775 243 156 1888 694 552 1967 402 1609 1008 1989 1677 1195 358 585 4 200 461 893 1658 292 1578 1923 195 1584 461 1607 353 1691 176 700 1643 1685 839 1071 202 1084 1686 256 355 182 94 73 1339 709 1214 1498 1507 342 1562 1562 1166 158 757 845 728 111 934 1488 423 0 567 1319 1005 1108 707 1108 1502 1170 954 1470 1979 607 1394
803 1433 1189 1373 169 800 313 1442 1854 1077 1300 1957 1027 687 1967 462 151 155 363 860 401 1294 1824 1593 682 271 1921 546 1154 1744 826 408 1530 561 246 1455 1849 806 513 1875 1013 783 1474 1350 295 1715 1329 958 500 267 384 324 528 207 1024 448 1772 507 1672 1003 1983 1167 1091 1176 112 1847 1282 1960 1288 444 1900 787 1073 1944 1300 1577 207 1577 975 694 1654 415 1794 1708 795 1260 1549 1036 27 1347 183 1633 1314 1508 49 50 1209 871 724 1200
683 512 1903 1086 217 1383 54 1108 1541 1474 1304 1782 1756 1267 216 1820 1428 1024 328 663 1486 1761 1584 224 1773 909 1633 363 11 483 716 1185 168 884 89 1375 1163 493 1773 1311 570 470 1081 1387 242 746 1509 937 111 192 630 1235 1428 792 1733 962 779 1402 1504 1870 1638 1308 1704 1960 1498 1952 805 1324 947 1176 1069 1038 400 1849 271 1329 430 1912 1875 1502 872 737 1830 1264 1654 1077 1973 668 555 629 1816 233 247 387 1287 1054 1476 1443 1264 1387
1622 677 293 351 1549 1042 1644 817 589 981 1540 479 471 1548 440 223 1460 1579 1936 169 947 221 518 1452 816 1305 1274 1311 1317 1409 1451 1616 269 1411 1503 1045 907 1946 1334 1469 1004 781 1178 21 313 543 1805 1706 1698 434 226 426 1510 373 864 362 514 997 475 1529 1350 489 802 293 505 434 1925 1312 814 1424 904 734 902 1168 988 1960 1156 1162 1571 1982 337 833 961 1383 1340 1955 1772 462 1877 1381 676 396 289 1876 1008 522 17 197 1283 1695
1318 784 1182 598 178 721 526 859 867 207 1130 1582 1550 777 1352 716 382 359 1907 1416 1914 102 557 1754 1259 1421 210 543 116 91 1190 333 882 1380 1706 1432 1276 1451 61 618 330 448 135 708 1496 1037 940 369 763 1571 1173 378 979 162 25 1632 760 1994 1744 1541 1323 549 1003 1426 766 1095 358 1883 959 410 306 551 707 1674 1789 1051 284 292 842 655 509 1834 1997 1107 1633 1366 456 167 1310 505 878 585 1857 702 1837 1847 1863 277 1395 1986
1565 1984 1215 852 98 1614 1949 194 1773 218 21 286 1877 455 1594 847 1535 1793 1017 1220 1349 0 1339 708 620 878 1198 1020 1957 1077 242 1175 1143 101 874 1577 1064 1321 1798 1425 1213 556 1633 8 1395 1926 1658 857 883 1529 1332 1098 1129 967 331 1075 1208 1932 1340 856 1848 829 306 1036 53 558 314 1471 698 453 480 1860 346 797 123 1888 1036 1057 1488 1619 463 136 950 327 555 415 1516 1988 6 585 1160 1399 1044 1666 1551 1618 1282 122 720 780
1486 1412 1936 134 936 22 800 367 1667 295 661 230 1202 1983 1861 978 45 157 585 427 1836 971 926 347 1139 863 1079 371 815 526 37 425 272 1753 124 332 1966 124 1889 771 1030 1508 989 1360 1757 1987 415 1440 954 1929 214 1723 1658 1129 369 902 600 1315 319 453 350 675 449 788 1954 782 1102 1576 1877 153 770 503 789 1138 1599 525 1154 1881 266 1658 663 1497 429 817 792 704 1712 879 1393 1712 1903 1109 618 1679 1317 1770 85 744 246 449
1518 915 1494 808 678 1111 1944 813 1888 108 1247 504 1996 647 1197 491 202 1587 1193 1683 853 1894 1887 851 1017 675 1839 952 1059 3 1883 1043 1928 890 451 1458 1102 1099 1647 1563 1975 971 1215 1936 1111 1935 121 1527 42 1816 416 1569 95 807 115 18 1413 1142 1046 271 1271 1052 24 305 1191 1315 849 1439 752 235 1691 187 299 1863 220 1659 1519 1858 1919 1916 772 1667 1397 1456 447 337 1386 1013 1378 1909 201 331 539 1481 584 243 487 1638 985 728
941 1369 1821 1090 422 196 107 1502 1680 27 1534 439 452 567 166 180 827 1027 1607 960 1112 1174 1058 524 1298 412 746 1848 931 1066 1588 1183 1299 1072 1688 292 1453 1418 1435 690 1448 850 1368 1472 854 1633 1630 60 1165 958 404 5 645 938 964 206 519 968 1382 789 1725 541 1782 1402 1929 1033 1014 824 1784 559 1670 1015 1719 1350 1759 1475 375 169 464 1786 1460 1539 276 699 1693 1643 315 604 955 929 724 1475 1110 8 1593 1171 138 1376 136 1592
755 1855 954 24 928 1239 252 476 1226 1928 807 1845 1817 1477 1923 1535 1994 182 1770 545 585 1369 279 1388 110 866 303 1354 1292 876 113 912 911 769 1538 184 11 849 1855 557 995 1897 490 1282 711 1320 435 705 1256 1355 921 544 1089 1896 1119 985 475 1752 436 1263 1837 413 1643 1042 280 655 52 783 787 1670 212 1144 712 1419 348 123 1172 672 1905 1460 370 352 1743 159 966 1424 1548 142 1210 1988 1383 1476 5 509 1726 144 1408 1466 1863 254
781 1902 1063 913 1598 925 1542 36 917 1272 761 1612 1424 1551 1404 1367 157 784 1074 556 1167 478 608 296 1524 712 1472 1773 1397 646 1128 39 610 1549 59 291 308 1036 875 1823 1933 1539 1134 1209 1094 1509 112 1805 270 22 1585 1602 1417 57 328 154 396 1993 1935 1598 978 339 1061 1082 138 19 507 1336 1633 1160 1118 1717 1115 1492 978 1837 1534 1572 1862 466 1281 733 201 1053 1697 1610 1527 764 1590 1852 1681 1920 1837 834 1593 1489 1861 775 1740 417
1968 1684 849 127 844 1476 960 529 807 279 1129 170 1435 1383 1331 16 1070 1791 760 1920 1316 1877 1703 1803 761 47 1901 679 176 913 1388 93 949 213 1566 635 105 1447 1252 109 246 957 1267 1232 1196 518 1924 1870 1870 1859 1341 3 1962 64 1457 1097 930 245 1867 266 528 885 568 562 1651 533 1174 634 1301 1043 453 1911 308 548 798 1998 1993 884 1075 1434 710 486 530 1625 890 458 1965 995 1125 1880 710 1921 525 1733 1851 632 79 1609 1366 308
1758 1312 216 50 1342 539 1950 729 1560 1128 1561 1076 1468 926 1525 1721 557 1461 71 1099 1992 840 527 413 1184 1465 1127 293 1104 1450 735 1903 1700 693 205 1513 1438 1132 588 1183 930 1723 469 1058 379 1323 264 948 322 860 1173 114 235 242 1790 891 1847 577 1422 645 1705 202 1395 1374 1656 702 1262 1029 707 467 1519 935 292 987 920 1305 88 1832 1863 159 105 1232 1239 1594 1238 1087 279 1017 1502 993 1468 839 1898 1356 1585 657 284 1236 1617 1268
1866 1137 1069 1088 912 234 750 1093 353 1956 88 1303 781 1599 1017 1266 816 580 94 1498 71 1008 254 864 184 1205 1446 1889 1494 368 123 1955 34 1801 1639 1857 233 695 237 1298 1908 411 366 1632 906 656 18 2000 967 617 197 1286 1866 46 850 1104 110 682 387 1917 547 641 1561 1751 704 438 1255 727 963 1697 1571 1083 1161 972 645 1609 778 382 1973 253 243 327 834 1190 1135 205 1549 436 885 262 1108 471 1890 126 1124 1516 1429 207 1188 1038
1302 690 1958 1540 1932 1823 811 300 817 1322 1277 381 1618 1011 433 1130 1929 1618 1988 1904 1381 1853 830 749 140 1598 1979 1904 1882 240 955 1038 458 654 84 716 423 1078 464 20 79 1475 431 245 460 951 2000 1678 1205 1440 1509 1074 348 1397 1039 1325 277 1243 661 288 850 37 407 1491 1525 188 448 839 1946 459 1872 1405 1031 1404 988 1629 1142 1703 238 215 1462 819 408 1600 716 1390 469 1711 1855 1777 1914 1330 468 287 1609 1159 985 490 1281 608
911 27 1199 303 1602 812 1276 1842 1114 1840 1397 394 555 383 1798 1888 288 333 855 80 1587 918 1540 1743 1533 941 482 248 1503 1481 532 420 1546 953 758 473 45 845 869 1109 48 177 1478 1967 1044 1055 256 126 1394 982 508 694 364 519 715 666 1298 1241 557 924 1035 1797 766 668 1907 785 883 940 820 1204 416 231 1438 1822 183 38 874 1431 1737 821 851 165 1313 13 311 841 1185 893 1820 1625 1775 1634 710 754 1768 752 418 1833 67 508
1968 204 1007 1513 1756 810 294 1768 89 1225 1983 1484 1593 356 783 700 1619 1894 856 259 1838 1096 1072 1161 37 186 299 1493 1957 365 1031 1407 1616 260 1627 1618 19 1977 804 444 1362 1501 869 1178 1091 433 1047 732 1486 448 1672 237 987 1600 856 101 602 1637 417 366 1945 1455 1103 419 1741 668 1544 828 539 1729 490 467 1104 1585 1145 1990 1270 1825 1004 150 1447 1597 972 354 121 1105 1462 314 184 630 1809 1766 125 1475 410 338 1490 168 940 704
592 1645 1978 1403 1915 601 1984 1618 283 148 1277 1450 264 1811 143 164 815 210 1816 798 1337 742 329 1645 207 1909 1791 591 1999 1534 1528 1760 572 51 832 1641 375 1655 521 337 95 1738 1584 712 1113 602 1361 1069 1702 1588 1172 328 1264 1214 1382 933 346 902 1961 330 864 34 1765 1446 1446 1677 1338 1581 844 889 1419 1930 93 704 1289 199 1460 673 1960 474 731 1153 1180 1674 1717 547 46 371 1494 1306 960 610 222 1240 994 1657 142 1807 1103 1178
1279 1505 395 69 1945 1478 1948 880 347 400 1223 1345 1049 1614 1476 580 79 995 1207 1971 1705 575 426 85 203 214 442 1677 568 812 1786 898 339 341 1578 1392 1941 485 189 1471 1382 199 852 1502 319 428 1967 146 860 1029 858 1579 1847 1187 187 1143 1604 1251 1326 1937 221 1781 1712 618 877 455 1823 118 431 909 1390 1967 1651 1930 428 663 1245 570 1702 664 205 1036 644 1926 698 709 349 1406 883 9 1442 560 555 1201 1500 649 1995 610 180 268
335 1787 432 692 333 435 1762 214 1607 1648 1784 1550 193 1149 1506 798 996 1920 1042 939 1980 1074 169 1700 1096 1552 1320 338 153 447 877 1407 8 457 1840 1582 772 1019 1978 947 805 332 1261 1100 1174 1180 793 1170 251 1770 1330 1891 1054 751 1564 1235 1641 960 639 6 1862 929 189 454 1016 451 1951 339 20 977 1674 1549 1501 435 1194 366 1465 131 829 539 255 1529 1519 978 854 837 1403 1604 706 1840 1832 1606 1611 714 575 486 625 1858 1586 896
571 1348 10 1844 1311 1878 224 611 243 1944 1047 1107 1612 996 1142 1930 973 689 739 1142 968 1806 238 585 968 1284 1981 1021 876 1264 1674 946 1150 1436 1799 656 1442 1905 673 257 183 941 1406 479 1669 996 75 1801 1195 1489 1319 313 1903 1320 437 1209 1446 1903 986 821 1969 1669 1622 330 872 57 934 1850 1535 1475 1290 957 1428 1534 1830 1746 1835 1432 387 610 1542 915 882 1777 1361 1938 1173 38 1908 1747 179 1550 1875 1878 295 542 180 1202 1695 1921
716 1452 486 1551 217 1580 1142 1596 894 1489 1527 1612 1811 1680 89 1294 396 579 570 332 98 289 1485 814 276 1412 1419 1788 303 1868 1333 1111 232 342 500 1208 1670 1239 807 962 99 567 1159 25 1858 1652 1246 1596 1406 1381 1563 1398 1866 557 817 1017 1418 97 1762 633 1020 48 1905 1371 917 508 628 17 1544 380 1977 174 83 288 340 282 700 798 942 1007 1998 1434 792 888 1490 299 591 288 290 741 930 947 1521 206 1739 622 624 1162 483 1011
676 486 238 1087 563 1100 1468 633 371 1506 1530 565 1248 173 1418 1333 1720 1084 547 1041 1127 1293 1895 528 275 682 805 1894 321 1635 525 138 1793 1749 733 1646 1541 482 1007 1231 358 1784 388 1786 650 1597 479 953 1017 1109 1697 513 153 1413 575 635 1479 683 1026 747 626 1772 1032 1337 1959 436 1390 961 620 1941 1494 1830 1697 205 1434 1945 521 1323 124 1022 1843 1018 1963 262 1612 982 401 741 297 1723 1802 1606 230 1606 884 340 882 1862 143 1113
1913 1636 47 208 1861 745 5 1042 345 1763 178 1883 646 1403 1734 1041 807 1823 903 1103 1990 889 1535 1744 451 300 1054 1359 276 496 556 1376 774 1282 188 457 1395 1649 365 255 1373 605 861 418 1350 630 770 1780 49 1964 1672 223 1949 836 1819 1843 93 590 1067 902 564 1427 382 266 1109 1227 153 44 1807 92 1716 620 363 216 1700 1988 928 314 457 1982 105 737 1573 243 193 425 1352 877 83 308 193 1381 1403 1121 1288 1716 1703 1223 606 785
1516 70 1464 51 1319 1877 1830 1777 428 1239 1940 996 529 1388 411 1610 1604 120 1574 1049 1495 221 622 370 806 478 1904 28 1295 209 836 127 1937 1040 205 329 1877 1086 606 1659 249 1593 1472 182 1287 777 1242 713 1115 1516 1754 592 818 1537 83 731 1824 89 298 5 637 1545 208 1155 65 1978 567 1683 1762 939 1512 149 1504 1708 1652 285 429 1571 563 165 1157 19 703 1418 673 527 667 1109 1532 464 1146 190 76 1039 1364 1729 929 1018 1762 1875
1022 366 1497 400 1496 1716 1241 1719 1424 822 1617 1269 1276 197 658 549 992 1202 1613 1251 1509 697 202 219 547 594 214 1532 745 1348 5 1347 691 553 1871 254 1488 1661 682 535 215 196 1644 1200 1242 1352 1122 33 448 1649 1934 860 1432 1687 838 1756 908 1216 1620 999 1469 373 1538 1919 834 1630 763 274 1671 791 1512 783 1415 1543 1853 1770 1528 1446 880 1264 924 1486 1020 298 1895 737 1224 1159 1367 1680 148 1819 735 1592 1395 660 1998 207 18 79
20 1089 1356 1996 1263 1205 1884 925 1799 1692 1983 786 1120 1809 182 470 939 1741 337 869 1622 875 1076 932 666 1951 1743 1416 1636 175 438 587 1483 1159 277 928 1508 280 1014 1653 84 528 1833 927 796 632 876 1773 702 273 1038 1336 859 1729 61 1514 247 465 559 1517 810 1998 1778 257 1870 504 89 471 738 1087 292 1172 752 642 841 936 1004 53 842 1403 644 1407 1038 374 1617 1702 1578 1605 191 1574 1619 1630 786 1445 1528 1548 1132 672 1384 1324
514 7 416 274 527 97 1281 1814 1078 200 981 1245 280 777 1168 1342 351 522 1923 774 208 203 85 1772 52 1894 533 874 712 556 350 1228 1502 1481 1188 1757 274 1263 1459 178 1736 1337 527 1595 1861 204 1481 1919 47 689 934 1569 1360 329 974 85 97 1040 1290 1922 1058 1326 765 1680 1681 615 622 1002 1880 1424 1305 41 1486 79 55 591 1816 178 116 1991 576 957 759 1097 183 661 665 1312 2 173 904 199 1078 1718 694 300 453 52 1622 676
1372 1403 669 819 1335 1050 1204 1539 1568 1506 1987 481 1323 1090 1229 906 1416 961 1062 253 549 538 1468 115 1631 1886 1120 355 1499 1906 1663 744 635 186 1640 1766 1945 216 723 1262 1546 1751 1549 573 1307 1334 478 1967 1331 1060 288 1044 883 567 237 170 301 211 1584 1002 1736 1426 480 1281 74 1327 340 1111 1490 1126 1032 83 949 1576 224 1134 1373 416 1197 677 1216 1375 541 905 1203 412 115 54 1358 485 302 1569 1749 1097 1063 208 155 987 533 624
1161 735 1411 287 161 592 1542 361 1613 1144 547 1467 1702 1581 1170 1879 487 97 646 1567 1245 1905 1665 146 771 1717 875 1905 85 1538 580 1031 1308 1363 1857 1557 1065 969 749 602 1009 330 1234 1801 678 708 1476 527 722 877 1853 1144 863 447 1232 863 1952 203 1268 480 1544 1822 3 56 1699 146 1529 1119 637 1984 55 813 31 1286 1735 1824 330 277 978 1131 1470 653 1058 961 1725 443 1067 1421 1746 350 43 222 1897 1926 56 843 1825 541 801 990
1765 1908 786 783 1780 784 1182 1410 791 180 1766 1042 1647 1238 389 554 1577 1550 737 1242 1798 1191 1339 1980 1829 792 48 1964 938 107 423 1898 1725 1442 287 901 959 222 550 1162 769 185 1498 584 325 735 984 554 1773 1544 1203 1486 1441 1080 122 1686 94 1296 720 1039 1940 1039 760 759 748 1031 596 1044 1081 1482 1698 533 1533 125 1205 577 570 1275 1334 1498 1387 1198 1754 44 309 812 1164 897 203 262 814 1361 1102 1160 373 1390 660 653 1929 462
1706 875 951 1442 1748 631 1504 489 456 1979 1247 1344 853 1491 1252 1459 496 1167 790 1253 1606 1521 623 1494 1321 606 871 1256 652 849 1096 526 761 702 1337 1670 194 1903 21 1942 1447 692 1147 568 1250 133 654 1772 1939 771 468 1404 1730 1222 1257 494 83 950 127 1231 198 868 215 1068 365 1757 908 1379 1941 831 1862 1732 1683 274 65 1037 380 1207 277 1141 952 1408 602 143 39 1424 1543 1206 1219 1310 603 43 1496 14 1303 1270 999 1050 1381 1795
1484 1727 1681 23 1761 781 438 790 1419 101 627 342 1783 107 1885 600 1564 950 714 768 1246 1850 1791 705 1716 147 87 1516 1336 320 1759 1835 1973 646 1783 1074 1926 775 1353 914 1942 120 1187 1264 369 814 1788 888 1208 1898 1982 1496 1412 416 1147 582 1383 1606 365 782 961 523 1667 1196 100 1444 1436 163 1274 489 457 1103 1021 1071 693 1085 1699 1118 1006 1201 1135 1561 712 1504 1383 1280 547 95 263 1193 1690 850 1464 1249 1391 1011 1773 1413 1467 1876
445 467 1178 1119 618 1609 1163 508 284 236 831 101 1372 945 1039 743 165 994 1646 1578 513 961 86 1340 1884 1615 966 1810 1271 1181 489 298 1380 1046 1535 594 1802 826 1929 1269 284 607 61 1056 858 1008 928 826 1397 106 362 987 462 1620 1073 329 1281 784 1466 1789 1067 1881 1575 1789 1968 1224 567 1868 1392 1082 1855 1195 1561 1409 380 1055 776 1814 1647 1217 1282 1417 771 1054 387 550 1005 561 944 1787 1064 1790 152 195 425 778 892 564 1037 1194
131 1302 968 1339 261 1520 569 324 946 1514 1537 1203 1852 1689 922 122 558 486 223 712 18 935 97 322 1099 1209 330 1926 110 985 766 1113 540 1556 249 1611 655 1665 629 1727 1141 26 1218 192 1056 1461 228 1169 625 1081 654 1080 1611 1850 646 1542 851 1523 1666 304 9 1246 581 600 1814 1956 1653 454 1223 334 657 1600 361 1757 748 336 953 22 1151 632 383 1035 305 810 1300 429 1912 316 579 50 689 820 1091 659 49 767 1680 1631 2 1321
1642 1754 1111 1927 855 790 1041 775 1135 923 1048 231 778 571 1303 1636 1295 1634 1089 399 452 1067 1875 591 1349 1064 1123 91 796 867 1443 744 1834 1664 926 1734 911 437 182 1842 211 501 300 1603 1629 109 25 27 204 1412 849 222 919 1309 1083 969 870 1784 1029 765 1167 816 136 788 675 1686 1911 1713 677 1181 1592 794 1885 426 692 465 1511 1199 1226 1633 1507 1331 1848 1692 926 1939 1091 599 1474 1373 1258 1517 1635 131 1523 533 1126 1354 1673 333
380 1453 1744 945 850 1670 1948 88 1986 1690 1949 527 888 1964 220 1587 1637 109 799 1466 869 870 1350 1999 1037 1179 727 1884 1196 1953 1939 1365 1632 1781 64 383 1693 872 1593 98 117 1631 1236 7 1992 846 1708 1139 445 1750 650 1227 622 150 1289 255 264 66 1080 488 534 1764 317 1716 264 659 494 1952 190 1982 1071 548 1171 1650 1879 1303 1186 1449 150 1588 1471 1311 1620 1541 1140 1126 1805 1367 651 64 324 1307 913 929 1505 1522 39 933 1644 191
1268 346 1316 1625 1335 525 204 2 1334 1414 1992 1743 1468 1997 1074 722 514 889 1853 1633 1248 1089 1968 1280 422 1116 1118 441 801 1465 1538 720 1669 761 1891 1515 334 513 1242 1129 1400 902 942 631 1948 811 1926 581 494 1074 1492 877 1745 909 1241 410 1705 1972 1695 1842 1354 12 921 1257 824 286 1320 1218 1468 1984 1405 1004 979 751 141 458 194 551 1058 1208 916 1683 256 1725 79 1096 1825 1457 1299 469 72 1613 1298 1767 575 318 1294 1699 1537 1798
973 1686 871 467 609 777 1637 582 609 1495 590 1360 1784 945 1066 829 1787 743 1038 643 322 1948 690 211 1136 1002 1317 1292 53 1393 491 827 691 1268 1102 936 1902 281 1722 120 1719 1329 1753 749 1780 1342 454 866 1958 283 1662 506 974 1650 1937 706 1488 1825 603 1736 820 1384 330 1643 1401 1189 327 191 1301 743 1185 1061 432 1387 1213 1163 1979 36 2000 1819 1528 315 1350 1767 553 855 1043 1197 849 439 838 1491 535 1140 689 1982 1808 1009 149 245
639 1954 1347 1752 1932 1353 744 1491 1837 469 976 1038 1924 385 1929 1660 450 1286 32 1139 867 1432 519 1122 340 498 381 694 1430 1827 225 3 100 107 888 644 1307 7 449 1456 463 1934 41 1807 1195 47 853 1062 364 277 1149 786 1355 792 325 1302 1214 1181 322 1082 806 1441 1230 1377 1753 1245 301 1650 1127 264 66 1352 1041 1268 253 1160 959 100 1101 1572 1969 1698 1903 758 703 54 1667 1347 803 163 1088 878 422 793 152 679 1750 1591 301 1317
1855 351 1797 426 324 871 183 256 1015 1963 190 105 850 1081 1571 1783 929 1974 1850 121 839 945 852 766 1510 1114 1869 1489 1622 1311 252 357 1611 59 1407 71 1098 438 1119 1681 413 1054 953 1236 946 1886 751 704 247 1918 917 1695 1767 839 1821 538 144 1394 1093 1463 527 0 477 843 962 1374 530 31 882 1187 1966 1408 1152 1095 339 769 1230 297 1069 654 589 1953 79 1400 1188 768 708 330 663 1438 1524 1737 1248 328 99 1 1535 1843 1708 1417
1791 462 1744 1386 537 1308 1968 976 1068 544 633 338 1892 580 472 404 34 1067 1282 1410 161 46 1731 92 1667 1215 377 1098 1014 811 1666 1298 436 277 1074 370 1123 661 55 434 956 1302 1575 1480 1516 665 355 1310 475 1855 643 70 239 1909 174 1808 1100 1936 1338 1418 702 1455 1132 380 894 351 172 1092 1429 1701 1465 1331 336 565 1815 787 1680 702 978 587 643 1531 1280 295 1674 91 1389 1300 30 819 612 29 1254 1837 975 1939 1192 491 1499 684
854 1994 975 1994 870 603 278 1475 1360 1413 828 826 121 162 1713 1929 348 1194 1292 601 475 1426 1148 1671 463 318 1327 419 1561 1715 1917 1380 265 893 1566 1645 1211 1094 301 1511 858 1982 404 583 116 981 649 287 27 1826 1540 831 1372 225 1379 246 356 1214 429 435 599 1635 1092 1956 1020 1426 466 1256 906 968 1875 1389 1442 201 1301 918 866 467 643 1946 1371 842 1678 1480 746 1884 1978 1396 246 1795 1563 1384 1645 1269 1191 1815 727 1998 747 839
1154 1664 159 1096 1744 621 1756 167 1401 1687 1289 159 1317 1425 424 1739 1350 1990 1835 1136 1346 302 1620 1444 1169 335 996 1287 1339 885 979 1003 182 241 1804 1817 1549 1444 1958 1462 1954 1485 32 1277 1464 326 265 1405 951 1584 315 1055 871 985 1190 1462 672 1958 650 720 1951 287 68 844 239 977 1519 1869 964 528 192 146 1817 1208 742 1152 1485 54 1489 672 133 1251 60 1417 703 405 449 198 1953 313 865 831 1945 83 555 915 1054 1059 903 1737
1668 1476 721 710 47 417 1633 1982 1767 1383 682 681 32 1220 795 887 467 1762 103 1157 628 1777 1406 439 307 1895 1291 1803 860 559 15 570 124 1913 1282 1965 319 144 330 1104 55 179 1034 1217 233 1212 239 915 171 1127 662 1064 259 649 1866 1050 773 1678 286 276 1628 1885 1994 1765 1591 1988 478 614 1803 1059 569 1384 1571 888 1379 487 1626 947 1740 1037 1555 132 1164 595 460 992 927 879 586 82 641 585 1004 1021 1022 231 1712 1848 1044 127
1132 1465 1819 851 1260 547 1969 883 260 939 225 1376 292 1825 1634 496 1873 626 992 1485 1491 790 1662 379 1210 1916 266 1766 1 1689 1248 1665 768 1817 947 545 1568 1263 1788 674 291 458 851 1577 1743 577 673 1635 1680 424 1971 1192 416 1047 1705 1803 528 1547 1859 1805 619 589 1642 1418 1956 753 83 1295 1414 1618 1554 1848 368 988 364 92 497 1120 501 617 1424 122 872 764 594 531 445 92 762 1009 858 974 1134 269 954 1086 146 562 1506 365
621 166 93 687 1784 1980 1118 1906 1152 1789 1941 1968 36 795 1523 1431 46 265 1042 499 379 1512 1973 1742 850 749 1559 945 1106 170 306 1599 1278 1833 90 1280 771 1884 1249 1792 1784 849 844 335 582 556 1858 407 603 1390 1621 154 1733 294 899 559 144 1508 1843 210 1842 320 1503 17 1987 1745 171 527 428 1405 1273 1956 801 1771 1263 1117 221 1786 504 1515 1757 263 1997 1265 1956 651 598 1570 658 492 1905 1038 1995 1700 960 1115 1326 1301 1570 1714
358 441 1717 1855 1684 1098 1912 377 1208 508 532 936 305 1412 341 1012 601 1656 1993 1509 1805 1220 1458 1945 737 1406 431 128 1330 1288 1423 1508 1009 691 111 1700 247 209 135 450 389 1403 1346 1152 1995 565 431 1308 172 1260 1448 1043 1125 1301 1021 628 444 1737 1716 369 1471 792 1024 118 214 1869 866 162 966 1966 1509 364 516 1489 1394 1254 613 786 1748 1797 991 1617 356 1433 177 1599 48 1933 1061 1755 936 1682 469 964 259 864 10 1333 999 853
1498 1090 1658 1199 1715 704 1800 218 863 879 1814 1089 943 34 723 991 159 1770 1692 770 988 1691 673 8 468 1971 1387 1386 1859 1991 1280 770 293 447 1259 321 1780 166 1804 908 316 219 871 319 678 1833 1248 770 998 1791 1463 1699 323 1635 294 1290 6 1974 333 448 1356 490 1779 896 1407 1906 476 1643 1282 1031 1970 1452 1901 247 101 399 722 659 1561 1312 1763 1948 846 1412 1044 353 753 581 76 682 1748 1119 1070 802 1315 1618 1322 165 1540 1508
1530 178 232 1390 621 1644 1197 1788 629 1047 150 242 665 1547 566 861 517 898 1663 1066 547 1868 1741 929 796 845 1127 1920 1485 1621 774 84 1107 1278 1575 808 1518 637 314 1745 130 1353 662 836 1473 543 1468 859 266 423 1664 1688 847 847 1394 231 1664 1946 1032 120 1974 470 615 1382 515 166 543 756 828 1982 1709 1574 1336 1518 884 1309 1129 147 9 1595 12 933 112 257 1056 208 1758 1747 716 612 530 155 308 753 1822 673 1322 1711 1437 119
1528 551 1379 1477 1011 1159 1118 221 1376 1818 191 1410 726 584 1815 1806 407 725 870 732 1761 1805 534 1507 778 1019 604 348 1897 1757 101 159 403 136 1775 1681 1114 509 1603 744 1560 601 286 1073 1275 513 747 102 661 161 156 1253 1187 1605 3 1743 1115 457 776 626 854 345 1371 797 1976 1942 638 1477 1962 1464 743 922 1430 1044 1673 643 785 197 1004 136 1255 882 492 1609 1948 1949 1909 457 1634 336 1366 527 1837 803 1028 1802 1207 1348 1517 1459
28 1919 1114 1935 236 1385 906 461 204 673 1050 171 1465 636 1311 1322 1148 1213 1964 280 1084 755 1657 1671 509 1713 658 517 1873 429 718 970 158 248 1356 6 1113 1351 1546 1421 314 1210 808 1429 1404 130 573 908 1462 168 253 475 1842 1364 348 1872 573 1298 183 489 1431 1722 985 666 726 1379 582 1152 1548 1009 1100 1204 45 204 1484 1965 63 512 586 1642 820 461 495 254 668 1500 1400 343 898 590 707 1050 348 348 1522 673 345 1042 1463 50
769 1701 833 770 920 1883 376 1860 152 10 1379 812 1109 1283 410 462 90 209 1170 1184 1100 419 860 486 354 1846 485 526 419 1760 1935 1132 435 789 440 945 1420 1501 482 98 880 1423 1490 187 475 722 1935 21 1907 168 535 627 718 504 1694 1174 1293 313 1220 817 327 1264 685 57 1505 511 1020 972 1738 685 1717 1563 1143 303 1031 471 1930 819 796 783 1348 750 750 1633 552 1385 1450 1839 1371 396 189 1576 35 1340 1098 1777 366 425 1533 286
358 1363 1996 119 1806 297 1523 964 410 708 1626 1490 1581 1271 1030 1496 1659 1540 120 999 1739 1521 984 1995 1226 704 1737 16 126 215 1718 1182 1347 533 308 1459 1348 869 707 1487 1903 1881 988 97 1436 1606 1445 708 1955 1423 1723 1218 1270 1947 1853 1872 612 1675 946 1530 1246 1660 1042 1018 748 1364 1006 1582 1154 1299 844 37 679 1341 1971 1574 680 548 1369 1583 509 1790 1496 1092 1396 948 1685 1938 1342 1864 1851 549 761 1455 76 362 798 563 1064 562
1997 343 1892 1772 570 524 1391 320 186 1053 1724 1531 432 877 1161 142 366 741 1357 1522 1504 1209 108 569 1250 629 614 465 663 1914 122 395 517 523 1841 1674 1153 417 1287 139 976 661 1928 895 1475 1666 1570 1219 825 64 408 1045 146 1391 1599 1969 655 1289 636 1735 1198 1877 1882 925 666 1740 1433 1396 976 1282 1608 1320 71 776 1279 183 875 1239 1464 1094 49 972 984 119 812 1918 1291 1975 1425 1596 1693 1601 1422 1006 54 894 1238 413 1746 587
1332 1215 1924 643 328 1182 1301 213 266 984 1617 572 277 1183 1969 1667 1505 1738 345 968 452 1950 703 100 1882 1941 1455 840 1395 494 75 741 693 1017 1912 71 1213 977 1534 1917 1132 1444 673 1883 1231 84 90 1294 425 1092 1408 1059 1777 1073 1548 1358 293 1272 1355 595 1095 1647 993 600 1967 1937 1572 1474 1808 1607 1207 1745 1175 1596 310 1340 1148 1830 1103 1609 1421 1337 764 1901 164 777 1437 317 1804 1163 47 1475 778 1820 531 809 775 1264 781 216
1608 695 1962 1991 1794 872 706 1406 712 1429 538 424 520 1023 1540 225 581 1310 1697 499 1167 1260 1950 803 342 582 1369 723 765 263 72 76 1318 1356 1755 825 1730 1794 154 458 1828 1301 1110 1297 997 332 381 805 149 1505 73 1605 335 1450 1277 841 323 364 905 253 1788 1888 471 1499 698 749 1847 895 1194 1202 1662 591 1225 1996 1808 1588 1282 1470 1002 484 1429 1408 1583 670 1021 1068 583 548 1509 46 945 614 1071 1776 1698 862 564 1310 684 1159
1879 1389 1887 562 227 765 801 1012 1873 1192 1217 23 102 1585 1096 1908 168 240 84 1896 1812 1555 597 1218 487 1445 145 1477 1680 1948 678 1101 520 76 1426 255 1644 630 1255 768 533 1234 1043 49 1339 1187 1593 1571 1117 741 1563 1337 1140 1904 377 1372 468 1014 1252 302 1852 1642 855 1421 124 1421 302 1865 1934 1389 93 1423 170 1289 1738 272 1737 1446 682 52 247 739 462 1513 766 497 1782 283 1534 1133 550 632 999 900 1894 857 1028 241 1270 587
886 1709 172 898 378 558 1102 1673 808 755 1500 528 1380 1744 551 1794 1726 8 1579 1512 325 1437 946 1546 11 1789 1452 902 371 1645 1117 1461 1043 1258 1906 735 301 424 1438 1466 1436 444 327 1332 1416 744 1496 813 130 1721 1137 1529 1779 93 971 1048 29 1227 689 634 1262 1626 346 1387 1388 55 1815 17 1469 1307 1175 534 1787 1130 1624 7 465 745 1410 956 630 190 1240 1829 1906 888 438 652 1783 670 788 952 134 887 1345 421 637 846 612 1279
113 713 1499 1443 700 1283 1338 152 1947 933 1403 941 581 840 775 1470 279 611 1857 456 1934 590 1319 1255 379 1977 678 1957 1568 986 1358 166 910 1882 522 739 996 1348 619 1247 1453 533 68 1764 1467 1177 1228 1887 1727 1984 1134 390 1862 676 76 807 1628 732 700 756 1339 1135 1936 1309 836 350 1680 1221 1150 1284 1535 450 1058 694 955 807 1134 1624 1667 86 254 1389 1715 1904 1420 1425 600 721 905 956 1120 1892 1981 521 900 644 545 153 1757 1337
1172 1805 1942 982 832 1952 1789 879 458 578 1680 1683 452 706 115 842 1960 965 437 1178 1552 1952 525 1390 1838 1051 1211 165 133 1954 926 58 471 635 1048 1475 1438 822 292 222 1341 681 1552 1687 1419 1371 1478 94 1318 1663 1967 1777 753 309 272 1798 1069 1166 51 258 77 1830 1702 1143 1991 1194 893 535 1716 1076 1374 462 914 1176 54 1620 926 629 261 964 511 1838 388 841 1382 711 1545 1732 1470 3 1968 1831 94 1314 1178 682 1210 31 895 416
1068 1863 1332 612 344 604 1110 1415 1299 712 1043 1408 1586 1867 1274 1830 82 1177 425 814 924 570 1382 462 1327 1745 1276 1848 311 1058 526 94 628 1416 501 612 554 1370 1581 434 610 1924 345 894 847 1911 1979 417 376 392 434 208 158 87 566 1401 1787 664 1276 1876 1072 1995 1803 647 670 785 1673 452 1072 498 1298 1347 162 372 697 1937 1569 1169 871 161 1563 632 1624 65 687 1131 540 777 378 988 1415 1401 164 810 200 1852 469 1581 611 1559
1194 1988 1431 154 198 798 523 615 1501 1519 660 1864 756 1558 199 1013 1387 1525 1708 1615 392 1848 1788 838 1000 799 1686 1949 44 383 86 476 756 480 376 437 582 1310 487 1302 376 1054 787 1426 19 1016 139 754 423 1305 1199 1205 1277 1029 1507 1250 338 402 1324 1457 300 1362 1244 1607 958 13 1889 1280 1059 222 883 733 336 1275 702 982 1380 1580 1495 1735 1854 18 1467 1600 871 146 1041 423 1785 929 1588 754 886 524 1116 1181 1827 1450 1675 1509
538 642 1210 1749 1655 1904 1628 1456 1495 739 1763 851 933 680 1991 2000 1806 836 1895 1249 824 660 212 876 287 1595 998 193 1880 1632 857 909 922 665 328 1189 1251 1532 1923 1939 833 738 270 849 1064 1632 137 964 1497 65 1347 1087 888 166 1715 1083 190 1997 1359 811 798 1957 66 1402 1601 660 959 99 735 1212 594 605 1958 1764 1260 1801 1059 1775 1886 332 514 354 1196 481 1544 1945 1360 574 933 1888 139 1012 501 714 1499 1147 510 1144 1147 867
1755 1535 1292 783 84 1877 491 382 389 746 407 1034 847 1263 580 1269 1707 1912 1277 93 566 1339 1000 1665 1214 70 841 616 1791 1677 1605 1572 913 901 1321 771 179 111 315 963 1743 1587 978 753 1280 1052 878 194 1235 944 535 1684 1889 424 1142 1429 1824 1927 1975 79 63 1213 104 1561 1387 729 1668 297 26 1708 33 809 1608 404 1466 239 1600 188 1472 1141 1821 1173 605 35 1936 1924 46 1398 711 438 1910 1041 1279 1236 1400 1779 1204 493 1872 1968
494 250 1276 1770 318 521 1284 179 1865 916 30 111 1999 382 423 773 8 941 908 1461 841 188 431 243 662 1855 649 1521 730 854 1533 867 70 1600 556 867 646 1757 1136 449 89 1662 1039 747 633 1045 662 238 275 1812 1137 1427 51 927 716 1672 71 1618 144 1137 1718 1552 618 115 259 1946 778 582 49 916 647 1004 692 323 590 1630 469 68 1293 1073 1393 649 1236 950 1415 1939 548 911 687 14 1552 392 367 580 349 406 398 748 1804 627
241 1591 422 108 1441 779 231 804 1846 1542 1728 710 559 208 401 329 525 1403 572 1530 793 1519 484 1965 553 407 1837 1921 1775 453 1822 1130 949 1800 1221 1979 261 210 584 156 1303 428 1480 616 261 1111 1096 1881 659 1363 848 184 1515 1250 1322 234 1084 333 265 652 995 690 1152 323 112 945 1180 282 687 1142 1646 429 951 1391 1950 1703 850 634 386 133 1797 351 1545 1339 1553 1040 151 822 929 1318 1496 1533 314 1964 23 1115 633 1205 1570 894
1315 360 1937 1081 348 369 513 1085 758 276 1067 1842 1247 941 1756 1852 713 1913 1672 561 821 153 871 598 244 82 1427 818 1617 1715 848 148 1439 1235 204 690 408 476 419 114 170 35 396 1205 1608 712 36 1417 1032 485 851 1891 1995 28 623 711 1487 529 1918 1956 1268 1280 807 958 1064 1018 1730 181 1511 408 398 1300 753 402 1671 1331 1485 1157 462 862 854 1030 187 584 1746 1639 1093 737 920 101 1588 143 1347 1881 1333 313 844 985 1430 1516
466 130 160 1938 827 1902 1613 1685 961 1916 205 1844 1042 904 1160 271 1743 1705 1389 629 194 338 380 356 894 1352 388 970 639 124 809 1311 1695 465 1193 1221 1997 140 1559 1242 1935 265 344 320 424 1275 495 1502 1698 845 11 1115 1169 522 927 1154 1480 247 605 1772 113 995 1529 453 794 917 831 738 896 608 240 1485 1256 459 83 1017 384 1499 1824 262 74 773 872 496 1490 516 618 816 357 1034 1231 846 950 926 1214 228 606 1439 363 989
1929 1432 975 105 1290 506 832 1709 1219 813 1748 28 599 895 1440 1339 1840 686 1850 1151 717 826 43 1358 531 1729 1136 1686 506 1016 542 738 1635 1362 151 444 1171 526 1634 785 885 1954 460 1384 1168 764 442 1772 454 1580 109 792 1459 1814 1985 846 1432 184 1685 810 1945 1970 1391 1375 543 1309 1060 130 1445 1762 622 266 568 300 1298 710 661 1996 79 702 1693 707 1328 58 150 1709 1588 693 1969 167 1104 1134 1211 1185 1018 1744 531 1069 654 961
1320 669 374 107 655 1478 769 1781 1346 322 1814 1303 817 1109 1075 130 34 1037 452 1474 1053 255 1752 1331 548 1826 959 1654 375 1596 425 561 1100 1055 1179 1509 37 1440 114 65 988 801 1843 132 1233 459 1920 1603 951 1653 1732 21 1680 16 1645 745 612 1408 1092 224 708 1243 1607 1098 673 1607 330 1885 1996 1441 1467 88 12 104 1243 241 1291 664 116 1900 1676 506 1366 105 1087 1695 150 20 1893 515 428 1443 989 229 1575 1717 102 70 513 1839
836 1605 950 1774 1186 479 1805 1630 199 1737 112 691 609 258 678 583 487 1163 1387 1569 802 1497 406 1031 1511 961 249 1329 194 688 1269 1013 1414 1665 1720 1171 651 1159 1026 286 1814 1574 491 1603 1079 1084 228 1726 969 1886 1390 1618 461 1927 856 1099 146 1099 513 368 631 1288 1036 122 1585 488 1350 554 1864 1952 283 357 706 699 1165 851 214 1805 665 1955 876 1589 972 548 275 425 149 150 389 702 706 1789 1494 1808 689 69 1101 1610 1624 352
976 1777 571 991 264 306 1646 915 1222 1543 1218 604 803 196 168 1866 212 1287 796 379 649 240 1037 803 1670 695 23 1341 583 1586 257 1842 793 24 462 145 1113 819 844 1077 1849 1446 1718 1729 1020 1605 1513 935 1240 1480 274 1869 419 1866 704 1893 1550 1301 651 1981 1801 1318 1303 1298 1162 1970 1613 487 679 1400 827 441 266 1053 333 805 778 372 1066 1601 1407 1643 610 1235 771 0 1858 1901 1805 589 620 221 619 268 1218 504 356 1796 1326 1785
748 793 467 848 752 1735 1371 1298 372 1694 314 1125 1807 1976 1453 1618 1411 361 260 121 1479 1925 1595 1844 1858 1474 1799 2 58 603 239 895 407 980 609 524 1497 1413 740 1354 338 1152 66 1180 1913 1281 1723 1037 324 235 75 1273 1966 1966 94 1010 702 488 859 1857 767 1568 1976 1832 1282 377 1696 579 1500 983 400 1311 1752 1286 504 1272 1451 1377 1388 2 1698 1329 1431 447 1450 1515 315 1251 971 497 674 60 1271 1377 1243 488 1729 1200 130 1777
804 123 1734 1552 563 630 214 1928 1198 1745 664 711 1367 671 15 1170 1936 1406 1565 1095 1328 1456 1171 1312 1417 521 1706 1526 983 1705 1382 1898 770 947 145 974 1789 370 1768 436 481 1736 1056 1844 1245 263 474 1537 1972 1233 1771 1773 1403 1392 721 587 633 66 428 780 271 1264 797 1879 1504 1032 569 692 865 1937 1049 1288 1940 575 1231 1839 783 397 1389 471 1755 995 1515 846 678 203 1760 1677 1046 1952 766 747 614 1143 680 991 1399 161 18 1834
102 645 557 611 257 403 1011 1217 155 201 17 327 1831 1915 398 599 1347 516 1950 1071 1060 1297 783 1058 1859 23 1515 1685 1522 705 272 858 69 74 1146 876 751 855 1892 1717 1320 1788 765 1082 1490 753 1834 1130 323 1652 696 1120 1957 1929 1604 1796 1283 725 1715 467 713 537 753 817 414 316 26 523 1885 644 632 165 1110 1297 422 180 1517 1319 1858 1407 1240 565 656 866 623 702 753 1078 1262 524 708 1227 572 1197 59 1902 1366 1274 1217 598
735 600 341 1225 1068 722 679 1886 1677 738 839 1943 345 1799 314 509 267 242 837 169 1803 1000 169 1913 187 825 830 1558 703 718 1884 1722 1729 1851 506 1081 1096 28 6 1878 1601 1563 184 139 1998 1013 1484 1704 1175 1222 1633 735 838 1687 1118 1589 1537 898 1923 1178 1765 1324 1164 1924 642 1957 134 909 706 853 833 352 1204 1668 1952 359 1893 563 1401 591 1762 1489 1705 1051 1916 35 642 1784 1403 1454 1902 321 1615 569 907 403 1921 1447 575 1243
1412 814 1788 527 573 1177 1925 837 520 925 392 1255 1692 922 1402 424 1474 354 1624 1647 38 796 1885 1762 934 952 1759 85 626 1321 836 515 1586 460 143 1139 1149 291 1035 477 267 829 1865 520 574 1912 742 1912 609 1897 1076 174 1446 1523 1996 1558 630 1454 1966 767 1332 579 1744 1924 1807 1995 378 62 1469 916 485 249 1796 1470 1751 1763 1287 404 281 429 1443 1146 1587 789 1580 1162 1726 221 1227 1109 687 1639 1761 711 1940 1884 105 1597 1035 879
1957 1405 320 1442 1567 545 1015 846 583 131 1874 725 1282 1906 1818 353 1020 1912 1941 27 619 1949 361 97 741 1574 677 1533 154 100 1995 1395 964 1069 693 295 176 1342 421 1087 1857 50 1280 471 1154 1861 268 1509 250 854 949 787 14 1106 1934 1587 1013 1053 369 1743 709 1460 601 1328 1184 63 1796 1516 688 725 1278 268 1639 792 35 1157 1658 920 1768 1289 467 1590 1844 1150 1430 1563 794 412 476 1778 1837 48 502 1768 728 125 1376 928 568 604
429 1741 1429 1655 1827 1882 557 704 544 1361 1692 388 1316 209 567 150 1366 1926 1512 378 107 1272 1323 1929 488 1924 1172 1907 663 1790 1577 1110 693 1064 1914 166 1083 377 1473 525 314 1694 1413 480 657 1442 496 803 981 1088 779 982 297 1208 1026 712 1060 656 1403 60 1123 1642 1285 296 496 928 955 1459 864 1838 1670 1252 46 1396 523 218 1627 1660 1137 745 617 385 1939 445 1254 273 1806 1996 203 1585 1389 515 1276 1270 1836 1857 1565 1467 594 712
1673 112 1213 32 1554 298 950 559 557 546 760 4 1411 411 1911 1936 1980 146 29 656 1510 1762 1367 1993 246 632 713 300 259 1938 1466 659 33 1933 657 92 1069 1127 1622 527 1374 1885 1356 665 150 1042 142 1040 1021 1677 1210 925 1826 1275 998 1129 396 1983 1698 15 430 1431 830 286 1642 391 1525 753 564 452 111 1986 1282 963 861 668 719 1519 1627 1191 1684 624 317 959 289 620 1696 513 632 1971 406 178 669 1319 1854 261 440 669 1724 448
1816 1139 1068 1581 58 1399 771 683 83 1655 363 434 1650 901 802 1704 1638 1839 177 898 146 1916 432 1831 1550 1294 216 986 1452 1746 598 545 292 451 968 1629 1724 1431 70 641 192 990 776 69 40 1930 1757 646 1703 728 1533 1406 1634 383 67 1971 1405 1734 1545 1878 1100 1274 605 1247 424 1764 738 997 812 391 1485 773 1329 274 1306 151 1148 668 1428 40 1806 259 1141 1614 1341 289 1769 1803 890 170 1554 1779 801 883 654 1404 678 1884 1694 317
744 1290 1685 1864 1632 10 1625 641 213 1808 1747 130 566 436 1778 428 810 1689 1308 1208 867 666 242 1801 756 1059 1747 1031 181 1974 1562 743 1552 1360 478 404 1211 577 1292 962 249 1855 956 462 140 326 1822 997 1340 749 431 602 1506 1036 96 1766 721 1108 289 120 1556 1454 466 48 1428 1313 1399 649 1091 1823 783 638 1628 1893 786 813 299 19 834 882 1566 17 955 1970 116 807 875 1149 720 815 159 1683 800 969 1394 1019 1967 61 326 1934
536 1999 65 1707 300 653 190 1245 1372 105 1147 1330 1216 1895 1357 1532 1753 45 830 1891 1283 816 1990 900 1926 547 1578 263 246 1964 1452 261 148 1287 1779 1789 1950 498 1427 1763 300 1152 1721 1277 1607 12 1727 1232 1444 67 52 647 387 205 59 736 1070 660 264 577 1896 176 550 94 263 265 1324 1026 1135 1992 1087 1281 1969 1134 69 252 171 354 32 1579 1248 1165 1843 1747 220 951 406 1613 952 1827 526 1778 536 1318 1362 1365 20 1470 1409 1320
1929 551 433 1108 317 762 35 466 586 1057 1798 1285 1163 334 893 176 200 1942 219 1133 259 1405 1805 1628 1425 333 1826 1111 1673 1312 980 482 113 1112 744 1654 1999 1024 1870 1728 1676 15 397 1396 149 809 1884 1824 1008 746 310 1416 1812 718 896 61 1521 320 1898 1364 1646 525 1578 1153 193 1258 664 393 734 385 1173 1133 819 407 388 961 1297 436 1485 581 298 714 110 1374 1488 917 379 1443 1089 682 625 1218 49 434 49 16 600 868 939 661
1826 941 1000 1257 747 1810 43 1888 216 40 530 1283 1364 1054 1355 674 563 831 567 98 1127 767 486 1215 1847 309 1360 565 741 396 1009 645 912 5 448 668 1624 831 32 468 881 213 727 1644 464 41 457 710 882 1183 111 1401 1549 738 1860 1798 533 814 374 651 1670 172 501 708 89 388 1619 1559 1131 1425 602 1675 1745 775 1632 1791 951 772 704 246 629 51 760 132 65 424 1804 947 1246 338 807 1947 1894 1568 621 531 731 393 926 161
171 1814 1785 853 499 1522 1872 1424 1989 272 1612 865 1434 1151 1256 180 886 937 1029 1177 1916 1592 250 1978 1591 1354 752 1444 687 60 1977 1024 359 357 889 1922 1769 1025 1430 1382 198 1326 1252 359 1457 1116 645 1557 1041 1100 256 1351 1343 1187 399 1158 236 747 838 1330 1495 1607 1560 430 354 1618 128 566 102 1709 763 32 1402 1237 213 302 1472 191 1321 592 406 1700 1089 1495 1389 524 274 1224 1525 687 584 1491 1692 538 269 1210 247 507 139 982
884 1485 223 89 113 762 1612 1344 667 167 1678 1762 1461 391 1838 1546 919 425 463 1032 1396 1349 1738 1583 786 1438 793 480 1676 203 1172 1559 1254 206 1001 774 709 995 1830 1347 1448 563 1738 22 1506 100 200 565 458 1819 501 378 367 1757 1011 191 99 1026 864 927 336 89 453 397 1486 909 918 1999 1943 1610 1700 38 765 1166 1014 882 818 1705 174 1357 515 1061 1558 333 1145 36 1979 1915 1252 660 780 1790 515 621 1695 743 867 689 1067 1728
929 623 1937 1962 63 914 928 283 1091 416 1927 1439 596 1780 500 777 366 238 1356 1929 1424 700 1330 810 517 191 13 1126 547 1660 1981 790 1520 712 196 1057 1248 1909 3 1153 737 1202 926 1912 281 336 1337 1254 437 166 6 1170 1665 1345 1423 1395 1194 1763 763 175 1558 1404 1623 752 1894 1622 386 1565 125 793 26 1747 791 1154 577 1663 1550 1797 1481 537 633 144 369 290 1178 1648 564 1822 1516 826 47 973 858 1153 1223 1734 1255 504 631 880
1203 307 725 124 626 1335 29 1326 267 1071 874 1859 1117 1076 706 1976 1634 1492 1914 130 844 513 1319 858 1638 143 1644 1477 1844 1413 678 701 1225 884 1432 767 1359 1979 882 1320 1857 1802 1561 1682 1113 1150 752 1555 1051 1111 1468 675 26 835 1538 778 1180 1428 36 1272 716 866 1715 1209 1717 518 1977 446 1649 1342 1002 1001 556 1888 277 451 982 1716 103 1418 1680 1271 1177 406 1139 1633 495 1419 320 375 481 1835 251 1203 1703 1754 1685 1951 1385 1856
1146 779 916 1828 229 1757 825 164 605 19 794 875 371 1274 82 1448 1023 827 1007 1872 1460 28 1181 551 897 504 113 137 133 1498 591 1948 1471 823 333 538 691 19 467 867 530 1091 302 352 518 869 668 1877 1709 1674 1940 1122 1249 925 1597 1544 1483 1870 1748 1147 20 1973 1245 1234 1043 1664 140 1596 222 806 1812 13 145 1125 656 737 1885 938 1129 622 1221 1047 634 1368 1648 616 1829 1567 1985 585 1059 1527 1806 1732 1224 135 25 1603 365 1857
1056 472 193 1655 1752 1689 594 1894 307 1739 1608 337 1523 932 779 1985 154 1144 565 991 1475 570 1787 183 973 55 206 1439 560 1163 347 433 293 1095 365 1204 884 965 1276 468 871 987 383 1875 597 1631 1942 523 1679 1976 985 464 1429 1118 187 616 1051 148 1941 585 1310 825 1822 1338 646 1591 346 857 1172 1809 598 773 534 389 1518 1611 456 4 582 1276 1050 632 1513 301 805 840 974 1549 759 964 722 1376 34 1531 760 892 1435 358 1381 542
965 1846 813 1589 1354 1022 1411 173 1989 708 1668 1893 350 1145 280 785 942 1305 1246 1703 408 36 1964 1536 195 362 679 1810 1679 1026 1426 460 697 677 510 379 885 1733 3 1133 1699 1257 566 458 1090 1180 1965 810 1140 1568 900 781 830 1744 323 338 213 1722 1788 112 1339 1098 640 1189 1392 1030 1704 1757 395 598 1098 323 1926 1571 55 1320 410 746 927 1990 640 1235 1271 434 555 953 1641 1071 88 1901 927 1339 171 1739 478 1041 1479 513 444 261
1744 141 1787 91 1353 190 1447 1064 458 9 262 841 195 1306 151 1773 36 1100 737 400 1285 1944 1728 1653 894 248 237 1330 1704 1485 526 1829 1248 37 748 1683 171 259 266 286 186 668 604 1454 120 1201 1255 426 1226 1398 659 285 1740 704 146 900 447 784 1400 291 1944 182 1808 711 322 1251 898 503 1031 511 1191 1422 1471 1232 888 970 760 840 222 1021 642 91 1837 958 1328 225 818 1149 1176 1741 1838 439 1015 304 1141 1490 880 108 1584 679
691 31 594 1072 1669 292 795 1883 1756 240 608 1212 1575 366 883 150 375 1161 534 140 14 1096 1382 388 119 1999 368 528 1578 1092 874 1758 545 1771 153 1494 873 808 1846 1221 1714 1670 1673 354 981 806 1869 671 155 575 512 26 1505 733 1468 330 643 1325 687 433 1318 455 1947 441 1975 1281 447 432 1667 661 1523 1066 1935 1647 850 941 1966 164 559 101 1023 290 108 713 1246 1568 1891 1632 1599 1909 1324 786 1154 1938 476 512 1802 599 1536 1362
906 1523 839 272 1834 1433 260 1093 41 667 1259 707 1609 1528 601 1164 1149 5 1428 294 590 573 170 688 1374 275 1435 921 1825 498 623 1106 424 461 456 330 267 670 347 1797 978 1475 951 1764 1000 101 1127 1394 1687 538 989 1051 1326 92 128 673 729 762 381 18 812 1209 1406 130 761 1303 1449 57 1439 946 211 1063 1317 961 1425 1953 509 1419 1561 639 316 713 841 1617 517 1731 1616 0 987 1606 161 1823 1014 1204 758 1771 532 966 1233 1744
1017 819 818 1514 73 1059 734 601 758 1839 1282 1017 1730 226 1712 1089 1197 32 664 864 1947 387 1869 1974 1679 1688 461 827 685 1037 1697 1554 996 1148 582 874 348 66 1118 437 425 1974 1167 471 589 742 920 949 1661 264 912 350 533 1245 1290 1065 1319 1815 1768 101 1605 696 661 1081 47 1572 237 1847 1178 1267 1592 736 449 856 300 1932 973 292 861 173 1009 1827 306 1315 509 1055 983 1020 910 1995 903 640 1874 80 1385 57 187 108 1184 213
1774 1973 667 264 601 436 116 1653 1040 770 1044 1193 222 1089 826 1447 1405 1093 655 245 310 862 1623 1681 1790 1804 1911 329 1366 1613 1044 1707 426 262 839 1973 1086 1582 1503 1531 1086 348 523 689 259 1455 889 1077 1004 1116 607 97 1147 743 113 1028 1516 234 1439 1909 1236 488 878 523 730 725 1163 791 1801 733 1719 379 379 397 393 764 1711 580 405 1984 1445 1611 1200 1103 1682 1964 1536 955 700 152 1645 1294 1903 865 1971 492 611 362 347 1660
993 1363 1962 531 1585 557 617 1744 1997 1087 571 950 913 1095 1307 845 484 920 7 1019 1274 1720 295 121 810 1517 430 131 1708 418 1911 656 1988 1684 749 116 186 1931 537 545 1633 1594 215 1655 827 1182 685 375 1227 1119 954 1464 1433 396 1302 1215 1423 36 464 131 203 1343 1218 991 520 711 387 470 1312 894 455 596 860 289 679 384 115 1440 1159 1553 1557 410 1746 682 1041 1113 157 1585 1729 1135 1435 833 562 892 1992 1429 637 673 586 19
1813 13 1401 1262 811 1246 1941 1287 1854 591 150 522 1573 592 639 1001 1113 1428 588 1978 1917 1882 1971 508 199 183 1839 1588 1342 24 922 1464 159 495 1783 8 1050 1743 378 1388 622 1833 817 1358 427 1549 414 1144 1059 113 1935 1779 696 1154 268 1308 151 1873 1710 1839 427 1281 580 659 1440 1406 1752 1612 46 406 999 1928 69 1523 54 55 1265 354 1208 1420 979 1309 1558 67 1950 635 117 1181 490 111 264 1503 94 137 1578 553 266 533 1985 1299
1251 814 1171 1296 1382 1131 1738 137 407 126 628 62 834 771 806 333 1958 1723 311 1182 163 1928 1676 296 985 1878 1121 1624 1813 419 1306 669 1571 1821 1590 462 1781 1174 891 146 815 259 1037 1653 1026 1539 1938 449 1815 1611 1779 1287 169 929 419 108 650 177 1455 158 247 1613 322 1717 1306 1140 313 1269 784 729 153 1147 806 529 1791 141 1636 1161 1164 1038 4 548 1551 1853 1395 1253 927 1387 1547 1711 1610 1320 627 1348 1700 249 1509 1493 613 1142
315 1217 285 795 840 1963 1476 1866 836 122 171 1720 791 209 799 557 595 205 910 996 1918 1941 1028 286 1717 1517 1623 107 412 327 1377 1198 1828 1868 70 1565 1609 339 1034 1681 1296 763 1567 1925 937 981 1940 574 453 691 1083 1328 1769 1682 267 105 1535 1621 211 114 1599 325 1144 1901 1352 6 1653 24 933 3 214 366 1149 1715 388 1626 1098 1400 1170 1883 1954 1353 365 1952 699 351 1302 1186 1404 526 771 280 690 1762 62 1531 1828 263 1565 1870
1196 141 1819 132 229 1281 1183 1785 1815 566 1937 1445 695 1200 1398 258 1687 748 679 1732 321 182 1248 1724 999 1819 1899 1102 667 310 1223 209 1551 1768 259 302 1496 1841 1514 242 1968 1386 1527 890 1832 190 178 1173 785 1163 1928 1713 869 1516 1542 1652 202 1652 1742 982 10 1965 1380 433 977 1669 458 1679 154 1310 1525 1075 130 358 90 2 1201 1197 1480 1951 527 1625 770 1326 148 1372 294 43 485 1063 338 1296 1921 1491 191 454 704 1271 1736 1048
1485 455 681 811 871 1055 945 306 789 1492 1339 298 1524 1098 1373 569 519 825 226 1941 1454 1951 1731 829 672 1138 1525 860 123 712 483 1186 1161 1151 4 1806 1713 1123 625 250 1622 437 427 868 1310 118 115 1411 1773 102 1186 1043 171 651 15 1997 1423 1791 1593 517 1466 1078 1190 596 1845 1638 82 4 1328 1410 976 137 1503 425 1780 211 1143 181 2 1051 671 1014 238 1440 1756 5 1948 249 405 891 1023 821 1904 1793 1884 1498 778 997 1956 1537
1114 594 243 329 784 744 1339 1650 1787 1714 167 1179 1241 1482 1175 650 1702 1766 154 1622 1696 181 319 1364 1000 1644 1841 181 1646 1480 1337 46 182 1314 1857 1492 250 741 207 73 1014 416 867 770 674 32 912 1027 1880 147 1621 994 11 1515 1079 311 1623 1410 44 969 923 1052 1656 1646 830 364 694 969 1178 709 1393 561 599 367 838 288 1826 1387 1154 811 1462 1728 192 1517 626 1154 865 1382 1428 1349 502 620 384 1025 1590 614 1826 1298 1236 67
1769 1150 1443 883 1298 720 796 591 2000 354 1372 662 1442 1746 1112 1077 169 1105 972 874 413 207 459 1373 1083 1242 1722 454 1619 503 1895 437 1241 403 580 1460 1833 1273 553 1379 597 1647 1077 686 459 192 1062 774 1927 17 289 1243 1656 40 146 949 1726 1854 1000 1439 480 372 1207 1402 1127 213 1545 1968 1769 588 270 81 89 1006 53 864 205 1829 932 544 1383 614 1715 1124 1535 451 1291 290 630 402 1103 1008 86 254 1194 1781 750 1142 1291 1370
1734 1479 1303 1343 694 367 170 1575 776 309 1924 1825 1153 1819 491 1439 973 1955 1955 1974 1525 1918 1605 1613 1413 676 1106 74 1659 1240 135 844 1823 1569 1346 1582 1676 1207 1733 870 778 336 677 98 1057 519 144 558 1378 575 1890 148 980 589 1729 469 1941 917 656 463 1627 983 1706 279 1590 1845 881 13 940 1845 1709 630 1959 277 935 736 210 1463 1478 1470 803 1773 1590 132 403 912 1533 846 128 1241 363 832 418 650 1501 1181 1327 540 876 808
1641 572 1493 609 1841 977 396 639 229 717 1310 611 1081 506 1601 348 1242 74 1400 1146 1599 1607 1291 1988 862 540 65 474 734 1519 278 1825 508 1952 1878 1494 764 21 1984 1918 1571 1559 595 1501 1573 1223 1580 1672 240 1451 924 173 444 1091 192 1432 1686 1563 1944 1042 922 1049 1624 1018 1726 643 508 870 1419 1086 1016 1839 146 11 714 525 728 1101 1638 1027 1137 765 292 687 1584 1260 359 1789 543 742 1389 753 1106 1883 1906 598 1932 1146 1708 732
640 1070 1288 1188 344 1188 1022 925 1904 193 19 1270 1187 1455 158 1591 477 377 1638 1491 1918 1648 1072 1005 1208 437 745 965 415 200 150 1892 1698 98 1299 191 89 1437 1925 956 219 48 1200 1861 206 1614 1954 281 1325 131 92 1273 1434 1457 582 1090 1051 632 139 1071 157 1382 517 1398 1368 524 700 1529 1535 1426 174 350 545 530 345 1499 790 379 1081 1977 1790 499 1427 1404 1744 1631 45 4 1473 318 1005 1795 1118 181 935 1546 906 1379 1088 1217
1420 1859 855 660 1018 247 1365 351 1934 1167 533 450 1332 1476 1565 589 68 219 1175 1033 281 1225 1268 18 421 1420 64 1029 1270 1958 45 1780 1099 308 6 374 546 445 1387 217 1650 142 984 694 99 594 1944 280 1564 789 383 89 1018 983 1943 1227 216 1077 837 1663 490 1689 1531 80 384 1815 1344 1357 189 758 1874 1013 1590 287 694 1022 582 1929 548 443 1087 193 2 1935 733 1535 1172 1430 1012 501 972 393 207 1461 923 1741 327 604 1085 329
63 1464 253 1120 1485 225 977 930 821 512 1133 183 845 42 719 58 14 1699 1048 1506 1015 1395 54 163 657 1048 132 844 1275 1529 1236 530 1578 1787 951 1668 1661 1032 888 685 235 158 601 1830 1390 1942 238 10 186 127 793 705 732 1881 1889 826 804 946 793 539 1091 1337 570 1059 1320 1356 1606 1935 1304 1728 422 620 1178 1434 1227 1217 1533 115 1254 1419 36 1545 1245 618 699 417 642 1419 1067 1549 1555 183 1688 1236 1562 1156 104 1604 616 1060
674 626 199 797 21 753 1685 1158 922 1145 743 1690 1879 1042 1923 1391 1910 1075 426 1276 1955 633 591 1431 41 266 1366 1637 1848 1197 1928 1264 528 1081 87 418 1157 404 982 1384 325 809 1951 1228 1158 1112 521 1726 1254 971 838 1561 1731 1015 1994 1833 830 879 1373 704 959 1546 1088 448 1340 500 220 715 567 1329 1695 887 959 865 848 1503 1955 368 618 699 1198 1386 1164 1772 774 648 1080 1769 1040 364 187 962 612 889 996 1059 1976 375 50 1156
1150 1869 802 817 1452 1065 1318 50 791 263 1816 762 101 953 1179 1511 1309 787 319 897 1992 744 272 440 35 851 1275 774 1837 1782 1883 1709 960 105 1831 1537 697 97 1076 69 1926 152 275 270 1373 1976 945 738 157 634 1816 99 1092 1241 841 368 940 1814 1638 1412 983 628 273 270 1382 726 1645 1910 1416 505 113 87 1245 1272 1740 1042 350 1937 996 456 1574 1839 1876 858 427 1564 1918 772 1771 1801 1096 1220 1968 769 1815 1846 69 1449 1828 1374
792 349 729 1095 1116 950 131 1430 1122 680 811 1501 1206 180 1389 350 1166 946 1748 1555 1848 982 143 268 624 1662 1695 743 282 352 1304 706 467 1564 258 829 1140 438 994 464 1767 1887 1390 1470 562 52 342 1801 2 1490 344 1718 240 610 925 442 1375 1864 597 1092 840 842 1407 1009 1284 196 1523 856 310 749 64 740 1639 1013 820 1697 1482 1016 330 592 1217 469 840 360 637 1965 1392 1402 1303 973 1574 1425 1215 1217 724 1971 1912 1343 992 1465
423 1264 708 1197 1582 380 599 386 441 240 100 850 1509 1478 1024 1870 881 1692 753 273 460 927 528 953 362 720 958 1087 748 683 1195 653 435 78 1129 68 178 1009 1101 608 1627 1707 656 1969 992 11 1335 1507 636 234 1853 1300 1870 914 435 1836 499 1277 1671 728 33 356 1048 424 879 444 597 532 285 1483 192 1973 1390 585 1581 72 1289 1019 1551 718 820 743 159 227 1296 139 398 633 897 1801 1591 273 1983 1686 295 778 1304 594 1885 622
942 139 1936 616 1909 445 1073 1944 356 484 1624 694 408 23 77 590 1073 361 1300 558 61 597 1347 1898 1272 90 653 1853 200 327 1338 1377 1331 1398 1878 134 1160 1770 1411 1954 812 636 824 966 1649 114 1331 436 467 964 1862 1359 736 433 1799 1727 451 566 1130 764 301 478 189 1976 1938 1986 1210 1074 1770 777 1936 1210 425 972 1227 792 1048 184 2 374 1328 324 133 1867 1336 1311 110 832 1948 1644 1392 653 141 993 482 158 360 780 1885 1644
1791 911 69 59 1817 1252 1459 789 1012 725 165 1640 1377 1786 465 716 644 1959 1017 1688 494 1332 1862 981 240 153 105 965 1321 739 334 721 903 1590 423 1602 1127 1195 1308 817 139 1295 215 1434 914 182 1328 1844 432 333 1846 570 1592 1293 1814 685 1066 484 1552 594 1463 1922 1797 1638 1806 1407 1182 1428 880 1684 1478 1271 1948 835 493 865 1084 1709 1218 396 1617 931 1513 1936 1047 203 343 1402 1146 1638 1897 1050 274 32 464 981 1957 823 1738 486
598 105 872 812 989 179 481 1761 639 1665 140 227 228 1786 77 1733 1996 58 1538 1013 270 1215 1810 246 1537 497 449 343 1518 598 1148 1348 840 316 857 151 83 1039 1367 627 197 131 1510 966 694 97 914 1129 1296 650 1647 866 256 1947 941 875 1801 1179 1600 1048 744 1723 1237 1205 1568 68 346 333 339 489 1487 1989 1813 935 6 660 1484 1612 375 98 536 1352 577 1056 622 1496 609 1623 555 1410 1155 237 1703 523 1845 250 1059 1910 168 1502
1769 242 295 1248 626 1883 1648 812 191 1502 124 1343 930 1348 773 474 1220 1730 1235 1374 122 40 91 441 930 253 74 1881 427 927 1654 670 304 1629 1263 850 233 1180 357 926 491 978 1798 1250 497 573 431 1840 515 986 1581 587 1904 483 593 1382 1383 321 478 1731 636 813 248 782 916 1750 861 1921 92 627 1095 1904 983 67 205 1702 874 1709 1762 519 1711 958 1657 1483 1418 596 1683 1720 1353 537 1755 1235 510 1477 850 337 86 587 1888 1818
1175 731 612 1072 1166 869 678 1279 1608 1699 1455 743 35 728 1758 1804 1862 34 474 1934 1036 893 1297 1343 1543 1473 1591 804 1981 302 854 1015 985 1863 267 207 1552 1923 1315 143 1467 112 1818 1927 1859 1885 906 1134 1903 1177 1797 1951 278 605 1523 1060 1669 1723 1824 486 538 431 1547 129 1134 1614 1585 1320 450 247 609 846 801 719 1203 1318 1677 234 1207 1339 597 1191 18 793 1630 339 546 1831 930 1932 1037 486 1369 186 638 428 561 973 858 463
1754 837 115 123 217 1300 1986 1089 467 1257 1531 112 905 890 1401 895 1355 1283 1665 82 1454 1983 724 8 829 815 597 456 422 509 1373 446 1523 621 203 1245 1874 1942 600 1102 380 1641 1002 309 727 808 1102 592 1199 1446 1870 1948 1549 1470 150 1482 1974 1384 1560 509 636 1410 1756 791 500 1159 1186 196 1759 1267 1387 42 1602 1205 1123 111 1809 1138 1516 530 1244 185 336 395 425 1544 412 1227 556 1573 21 480 1117 413 1160 134 1874 901 899 65
1519 1965 1229 462 1896 781 1837 598 847 567 676 868 499 1695 722 993 822 176 1185 828 370 603 10 551 375 1355 1003 1206 1918 1825 987 814 1160 973 108 651 1891 1128 608 410 606 1037 1435 944 1384 979 499 700 1662 1342 1237 852 811 1402 1419 1159 724 186 1328 88 1553 1094 386 1250 667 1501 1010 464 572 1321 1797 1339 156 1621 229 386 85 1811 833 1807 828 1661 1761 1300 1508 135 78 1394 1491 1199 1076 927 1020 524 1481 385 289 824 1005 538
1205 1670 10 384 721 1982 1421 1407 647 286 1515 187 1871 287 1029 1474 1364 1727 1439 930 1738 689 878 1658 1007 193 184 1071 268 1094 1404 367 1425 1484 595 1900 599 775 226 866 662 822 795 1296 1828 1765 647 382 1543 1273 981 1924 1055 66 1652 502 1649 1674 1044 809 1643 87 584 53 1437 193 1203 642 857 1413 1360 1671 1174 896 1456 125 138 888 1464 7 1504 1254 1388 669 1979 1296 573 471 934 242 430 1492 1423 871 1550 949 1522 120 826 1022
983 1740 1079 1623 128 1191 449 1312 736 661 770 713 217 1513 1259 537 264 390 498 1546 195 528 694 168 1283 1594 552 1240 1359 125 54 1399 357 783 671 223 309 428 831 934 274 1772 289 1645 1501 685 1460 1334 1399 811 938 1633 1468 844 490 345 484 785 1578 1363 655 1171 402 457 1471 880 867 1874 228 470 462 1361 1241 679 120 1570 568 1739 801 359 2 1286 261 1456 1195 937 1215 1326 1903 1713 1471 791 285 1562 1644 1986 1522 1119 68 1724
1069 1048 1821 1072 1701 1466 850 1023 654 581 739 126 171 1484 961 1412 1297 1391 334 1814 425 1001 1429 1716 1075 849 322 1854 390 1569 448 93 1760 127 23 542 560 1238 472 245 353 960 658 219 1056 125 1521 1366 1062 248 920 486 1656 971 1735 429 1518 1680 730 1688 856 899 684 284 1806 1165 288 1220 1421 304 52 975 1276 180 56 760 289 1077 1282 1668 1021 1187 870 1656 489 1761 1019 1350 929 1909 1216 173 713 132 1007 1045 260 213 430 870
738 339 1782 1702 263 775 247 1655 47 1647 1506 1889 216 1339 315 1685 430 245 1910 14 1291 203 1414 47 574 1270 185 272 595 1989 1525 1549 1460 1405 598 1116 169 411 1180 608 484 592 1253 316 220 744 1905 1348 714 595 715 1284 1449 1382 1209 777 1174 1351 1912 654 593 1915 879 287 1399 753 636 36 1017 1988 773 504 1395 1992 1936 573 723 1273 319 663 371 313 1493 987 1527 1836 586 973 1092 1121 1555 18 1236 362 591 706 1635 456 81 77
1080 1465 298 1897 1632 307 876 1046 539 350 554 195 325 895 141 1471 1779 1008 815 291 1844 1251 1455 1204 1178 415 601 778 1720 1117 1137 32 1221 1756 1827 238 1759 730 1488 1744 1529 742 1893 303 924 964 999 948 738 423 1643 692 1019 1904 766 1222 872 1378 163 535 720 1950 1015 1698 425 926 1079 1590 1000 330 660 1302 1171 1604 193 25 1154 514 1488 1159 182 134 1147 1735 1731 1440 1653 1985 1630 807 516 1504 1768 704 573 1992 1532 1633 237 1206
1147 294 1571 325 1075 571 1343 1695 1761 1240 163 343 976 944 1400 1250 1440 307 1421 916 563 71 1157 1287 1063 674 489 833 869 562 782 1804 1797 1752 380 482 907 675 1283 203 1862 673 211 6 1494 1047 1862 1843 1334 1570 1398 621 791 1304 1835 1098 1700 161 927 509 1666 1243 1015 1892 1519 1368 981 284 1567 324 183 341 791 1800 359 1451 919 298 251 745 53 529 480 880 1037 1624 25 465 397 1917 1253 1094 1865 577 1199 1985 225 1706 905 726
579 1350 945 630 1934 1265 726 706 184 197 1616 648 743 233 1550 1456 132 1274 193 1 125 1206 1672 1515 264 1936 821 451 1730 168 262 1575 243 1697 1455 1102 585 921 1814 1239 969 559 1838 525 1141 1011 861 1306 430 862 1997 1397 365 1934 158 808 1561 478 45 1333 1568 1280 112 1038 63 72 1909 1789 1875 1631 1589 985 1466 645 1919 761 1783 559 328 1534 114 1169 796 393 782 1349 828 1723 1181 1133 1561 1581 1964 1943 462 275 1378 285 304 1926
528 1794 1992 1135 1540 1359 889 1452 512 1325 1403 992 404 792 82 1465 1648 1030 1795 1124 1695 1909 1456 1259 317 222 1287 1980 1480 1399 519 84 1132 1955 912 1117 1342 1805 757 1431 591 284 1902 343 1343 901 1417 1460 52 103 1744 62 636 1401 1258 1540 113 127 1969 727 1301 1597 1451 1299 45 1292 1835 1716 616 1640 1768 1592 474 743 841 822 1409 1044 32 1192 1188 100 163 215 628 1057 615 1901 1104 1208 443 644 464 119 594 1853 748 1269 901 1879
1891 601 1202 135 1664 1018 1130 1946 254 822 110 663 401 872 267 1305 350 1177 950 1997 459 203 651 247 549 1396 1134 1939 60 1768 770 1489 621 1277 662 1426 626 879 644 648 683 342 1010 1739 1525 1968 1594 749 308 856 1830 1264 1281 1371 846 1216 1420 558 112 1801 38 1230 1819 723 217 1397 1316 1118 939 1250 914 881 1973 271 1027 1135 409 605 1711 357 1966 836 859 660 86 666 1536 1598 1675 1302 1161 31 583 717 1457 244 1924 1371 527 1690
1431 1455 713 1762 477 975 1746 309 1162 37 8 738 1403 1545 1626 387 1203 1017 1681 978 1031 145 1638 879 43 627 351 637 440 64 256 476 1668 1762 1055 1863 572 1203 618 42 1705 1176 1955 215 587 481 1291 748 1595 88 132 800 1977 1950 1443 767 1018 669 782 205 1076 811 1652 1040 954 1937 1172 565 1333 545 289 1077 811 1580 164 1005 1359 319 1315 1287 1692 1141 1603 1324 163 444 1220 1586 1134 489 1842 791 1751 766 1086 999 1710 1409 1197 953
864 437 170 265 1206 1445 1699 524 1094 1546 1583 371 1667 85 777 225 1549 1201 593 473 342 1297 141 590 1045 1159 777 1380 1440 1903 153 930 150 442 147 273 529 747 576 318 78 1718 1142 1261 1274 947 1755 603 61 713 393 1687 95 638 1638 653 1293 361 1259 267 1578 796 399 215 1049 1264 1116 1967 805 1889 778 451 1059 12 1716 1159 968 928 658 421 1906 1017 315 224 1289 109 1697 1614 1557 1355 1511 340 749 1197 134 844 1605 363 1008 782
546 1122 580 956 1320 1439 1159 767 497 770 976 179 1435 53 1522 300 1194 617 1001 381 873 436 1770 1662 759 1748 775 1971 1230 769 1715 1504 20 1031 1142 1997 1700 1491 1559 671 1905 1704 129 1199 257 1117 287 32 1129 1306 1489 500 1594 1141 1149 1219 202 2000 651 166 1208 1802 18 1361 1042 1203 709 521 1414 661 779 1987 360 1882 1400 761 1009 179 175 1390 705 1918 1547 475 1323 1069 1049 1855 1450 1054 509 292 503 201 182 1224 1450 329 941 994
492 690 382 1554 349 887 1242 1903 690 335 715 328 1969 233 1330 157 369 679 1816 962 1022 256 250 245 786 940 1155 327 1921 1746 1650 596 1721 358 1498 1590 385 36 799 1011 112 677 579 494 1715 1307 1634 115 36 1916 1042 418 1187 755 1314 971 226 960 28 703 959 950 799 381 1134 1859 1836 1545 452 584 1168 1141 1892 789 729 76 1726 1943 1994 1882 342 64 1322 1436 1591 1413 184 1023 9 1462 1880 821 1624 1175 1097 1298 662 884 714 305
1345 1534 1512 802 1085 1344 1686 228 39 1570 885 714 1380 654 842 1130 19 172 1973 615 1319 833 1514 1075 668 1733 1083 1497 1900 1268 454 556 227 1889 927 276 924 1093 1877 1648 993 346 1368 531 1933 180 601 1192 1694 1182 97 874 1113 631 152 968 451 88 89 204 825 1951 1969 509 189 221 1464 1300 812 1876 20 1578 135 1093 618 1916 1818 1533 728 1894 725 247 1429 280 6 861 272 500 1108 1745 496 827 1499 756 1801 579 1200 1929 1873 1425
1879 1857 181 1805 431 689 1673 1759 395 992 1884 1668 121 152 666 1982 984 412 570 1751 301 120 175 1626 1996 1126 846 1171 880 1004 992 633 1613 110 16 1504 916 1049 1592 619 336 1434 1992 335 1419 1535 1131 1262 1296 1184 1399 457 383 358 1782 1398 1980 243 548 1221 959 722 321 483 469 1038 1894 445 745 1514 92 635 756 474 1137 478 1504 364 1696 1223 1128 513 556 1124 96 1494 1178 196 1906 550 1507 597 1029 1496 576 1435 212 379 1096 755
1374 1541 446 1304 1498 1767 3 1411 1756 963 1417 1783 117 1944 847 283 549 760 1784 154 985 21 1251 1251 882 1651 233 989 722 1314 1860 989 1976 719 579 591 170 1049 616 1797 1885 1230 786 275 432 1328 1069 977 777 809 679 523 426 345 1419 1096 565 1653 199 818 1191 1725 767 1581 871 203 144 216 86 1112 870 1145 1751 1156 1810 1071 514 555 880 574 1605 1531 973 407 377 5 232 79 1225 1843 711 591 369 1428 618 1669 174 319 637 1642
1897 509 109 629 753 519 1353 1902 960 996 1189 1554 1540 1158 1192 1178 511 1582 10 1710 1048 1911 483 968 1174 1040 439 1668 1324 478 271 1682 737 1782 1935 1942 1039 810 535 1504 317 1482 1983 118 393 830 964 1631 1963 292 202 1788 757 809 393 1068 1360 1583 1983 1157 709 892 1202 814 1671 1844 1459 391 517 1498 1524 1239 785 373 969 62 476 1389 1078 294 575 1117 831 435 1624 886 991 1114 1615 724 313 322 1003 1128 499 476 761 887 752 718
20 952 589 105 1277 497 112 160 1127 1574 116 310 1340 1065 247 775 1804 1845 1336 1016 1943 1541 1609 547 980 676 1145 906 1105 57 186 330 1762 824 748 704 1001 286 1172 958 1494 580 820 1136 969 1123 1357 650 731 1707 629 1988 554 498 810 869 731 1030 392 1378 186 1399 1135 262 815 1962 1754 246 870 1918 1892 570 270 1263 1524 610 1345 240 1001 703 1696 332 1531 113 475 331 875 723 1123 1290 856 1576 994 1128 1903 1705 1112 1515 344 1685
551 729 451 767 393 1795 1235 1611 1527 960 1441 1296 1646 716 1835 1442 1952 658 806 564 1917 1598 1251 1944 1669 960 596 751 1949 1480 1377 1387 234 1043 649 313 939 1977 1344 441 1012 1054 1063 1354 71 1979 336 1085 1407 1072 599 1191 1690 1732 1044 1039 598 241 1877 1706 1379 404 1723 1366 143 155 522 730 179 1628 1630 316 1258 1635 1131 175 40 690 1872 1400 348 1443 624 702 1773 1937 439 1103 293 1764 1239 206 532 1813 337 433 415 112 216 876
1778 1030 1678 1302 260 929 160 1803 219 857 1960 1509 1782 540 271 1258 1389 1428 1624 1609 90 1316 1084 1036 1306 1340 1915 1303 1699 935 1094 1075 1700 1288 551 1786 364 1701 1861 1819 1989 695 1408 1477 246 1260 1040 1308 1638 481 224 756 850 1257 350 1898 666 249 156 725 69 1121 181 438 15 1972 275 552 307 1363 968 525 1409 610 1073 28 906 344 276 1816 1494 852 1379 1384 875 713 1773 1525 1231 125 648 270 279 431 814 446 448 164 1882 658
556 1633 1298 1533 628 53 1547 1749 1429 984 1702 832 57 301 1166 2 172 1558 1658 592 1142 1754 1525 204 580 1458 713 992 1886 712 157 783 1909 266 111 367 1114 1379 173 10 1716 597 1738 1589 1864 30 996 714 894 492 1151 24 1106 1872 1388 1502 75 178 45 1332 1042 1987 1042 601 1685 431 1595 926 1353 807 1160 841 1753 1276 1069 507 1130 141 269 1808 1708 787 1352 758 297 526 1013 1518 1925 1023 1009 1587 918 770 1472 1156 630 530 985 570
1309 1922 125 1013 1868 1287 1830 482 1008 988 536 1980 418 1063 594 1807 1642 1281 1767 396 1002 1826 721 337 530 1542 1546 74 360 1166 338 1859 673 277 1924 740 524 702 9 498 161 1205 1624 183 1822 709 238 1530 1319 1536 1271 1940 1113 1840 1899 1001 1847 1939 1167 1694 61 1592 651 782 1046 1013 1985 475 1268 82 1389 803 424 588 729 574 1635 95 943 1 1569 681 1779 1390 1845 1105 1494 1541 1478 1495 298 1710 1257 1568 1013 889 328 811 1559 616
1783 1923 1122 1188 93 1741 647 1081 225 666 400 1389 1668 1357 37 1930 1272 1096 1165 1011 1303 1767 1006 418 1642 1576 1667 1207 174 557 658 883 1396 1418 121 1047 329 239 180 65 702 1713 840 304 722 1696 160 77 540 1360 1633 1694 1768 172 744 1864 474 192 292 1180 188 1274 862 863 1277 705 1041 892 1982 463 934 1797 957 1114 1605 1043 1028 1524 1969 625 327 761 100 489 1358 1344 1413 639 387 431 96 1722 1996 191 1312 1418 372 125 744 1815
1635 690 395 852 303 716 1628 1074 265 213 466 321 1111 1489 165 1709 1028 241 1552 1894 1841 875 1099 777 434 926 1797 1982 456 1026 14 231 1774 362 1890 778 726 240 1148 778 1581 144 1420 317 27 1832 1763 261 1961 1130 1227 874 269 187 1970 745 988 1260 971 443 1761 1915 1129 638 470 1139 350 45 1911 1200 381 110 1052 1249 781 1147 373 1051 870 1686 987 1310 1438 746 119 1904 1943 1364 1765 1709 611 1859 1279 686 1083 1053 748 1429 597 1190
1009 1154 1373 410 1989 631 381 585 1350 173 1998 1764 1585 516 562 1892 682 1785 1992 1704 662 1030 137 1752 699 236 379 1068 1898 899 123 665 1817 1105 1305 1148 1367 2000 1728 1257 1420 98 1782 164 1245 949 713 1883 1175 1379 1510 599 642 998 863 1413 1273 1597 898 405 143 1651 1147 27 937 836 92 1883 829 841 1720 293 203 1913 1841 399 894 338 604 897 672 148 1164 660 274 1143 1564 79 431 1211 534 324 423 1610 506 827 1514 1075 1514 1297
844 123 343 702 1098 477 475 843 800 851 1489 1948 78 406 766 240 1760 1633 1639 118 29 1219 543 1487 48 523 1564 1356 288 1444 35 486 1736 1485 1067 453 1837 432 1417 489 947 203 853 486 1628 486 1965 1293 703 1053 814 616 121 1813 1955 1198 171 978 288 1963 1591 231 922 1183 568 1853 1253 1894 146 1625 1507 1904 128 1998 1571 1738 1800 1032 283 648 1199 777 979 708 1674 1759 392 1493 1708 1081 1236 1684 659 1187 785 675 344 1038 88 1850
498 58 534 1846 1948 1037 660 1288 263 915 1163 925 457 226 613 1692 1318 1621 1816 889 1146 1054 1329 1719 1038 188 515 1159 1029 1946 1302 657 1697 316 1411 335 27 1691 1283 742 61 447 1117 1991 1473 331 340 1701 59 1440 1082 1451 1687 353 1285 1052 198 1600 87 1609 773 1453 1355 897 258 1057 255 705 402 715 977 779 1748 74 334 848 824 1177 1912 479 1409 276 949 1522 1576 1886 1208 1850 998 392 649 1910 369 1841 1012 503 1234 51 1913 208
1160 1802 572 139 1500 916 374 401 469 1756 33 1203 1886 632 278 1389 313 784 564 1607 1686 1844 675 800 180 1728 940 593 128 457 675 1216 207 309 1611 345 94 575 635 1780 1119 178 1970 1357 1948 584 774 345 1667 948 890 610 1120 1934 1521 481 1373 1253 1313 1372 496 652 601 290 516 913 1354 1167 1521 1215 1523 1834 162 1197 1535 145 1220 1096 840 778 788 1062 107 1065 238 1174 1456 35 977 1818 1935 1061 448 1984 1977 1520 219 1268 1219 83
88 1507 1782 1258 1293 9 675 861 169 402 1427 1888 1295 955 124 1772 971 877 1050 151 464 563 1056 230 1500 1452 556 668 1550 14 471 87 188 1340 1870 1185 1119 1794 706 1503 779 1658 1136 1528 365 1239 1472 1897 1604 937 1154 1296 729 684 1071 1657 1542 411 0 1230 660 488 395 1946 147 210 1818 1434 586 1935 1737 150 552 1404 1549 1411 1986 989 1267 306 618 977 400 1622 1006 1941 370 84 320 1787 1359 305 985 1770 1402 367 890 974 168 419
323 1526 745 93 1984 1029 1900 1599 1818 1580 1232 1044 459 728 1211 665 1567 1746 982 564 788 1486 1879 213 1319 98 716 884 1774 171 626 1256 1237 863 955 1032 1319 1128 1203 927 141 1386 501 1925 1835 581 370 1464 852 519 64 674 834 1711 1205 500 1611 410 1156 328 799 574 561 695 942 186 1647 157 503 1992 642 1235 1642 1630 1234 534 1751 1293 524 1667 574 1491 1940 1266 1043 171 1833 1533 1834 298 1455 543 830 1822 1564 992 1206 221 98 1626
1712 711 368 1464 667 1909 1867 451 22 1630 394 1849 334 782 499 1191 497 1689 980 1024 76 350 728 1717 91 296 1620 1038 1755 1238 633 544 1477 1635 925 811 925 678 763 501 1123 283 1234 412 1116 1875 1954 1780 1706 1789 929 1637 1632 697 730 37 1941 1847 583 1271 242 1115 1713 1995 568 1209 1316 1033 1585 205 1450 122 1953 1099 904 1643 1225 1766 806 418 1897 1931 1530 1650 742 283 803 790 427 1712 1721 1372 1444 470 1997 1984 979 353 559 34
1742 49 125 1722 1343 1489 640 1257 977 1873 220 716 1507 339 691 395 1493 1027 75 1143 691 1406 650 1642 1433 1873 299 489 551 1082 488 98 736 748 1090 871 1666 557 806 260 275 1553 217 1367 228 527 14 1877 267 19 1980 847 1771 1390 1343 1134 980 720 1371 350 1905 574 426 850 962 559 1689 513 666 1948 48 23 530 722 424 1656 1240 1943 1089 1164 282 925 1751 1005 1568 1231 640 899 1244 1237 103 80 340 1397 1444 888 1563 1569 1738 1457
1712 991 1678 847 1949 1147 1986 1045 1502 249 415 176 1682 1112 334 359 1284 1927 1506 1204 1445 1984 716 958 1812 153 1201 1672 1624 1476 1250 132 1504 124 1795 547 1097 1799 832 550 854 976 1691 1828 1750 826 1144 1795 274 671 1380 1874 620 1826 116 1890 1331 1820 116 509 1830 615 1498 665 497 1317 1988 1959 935 1294 196 357 449 618 990 1576 1990 292 1963 526 1292 245 120 1350 615 762 808 714 1616 844 1640 495 337 1665 1775 645 58 1749 746 87
1700 355 1635 1839 215 1268 456 1907 210 397 1940 298 167 9 192 1649 1983 198 1180 1226 1384 972 626 139 1684 265 1014 1835 1534 1992 1400 1336 761 626 208 1901 1440 624 1407 1570 890 1429 162 1093 522 1867 1217 412 1747 837 432 672 120 1876 235 432 295 1456 1637 1595 1085 1133 563 1470 890 1988 1436 1513 1692 762 1561 1467 39 1173 138 119 1889 81 581 1237 1417 58 7 378 1960 1662 306 493 349 1940 836 1187 713 1549 712 174 1323 1164 169 363
1347 1579 1456 1297 1330 1653 87 1029 1284 545 1692 1821 776 1564 272 1401 1315 1439 414 706 776 1276 1922 286 39 1098 42 75 242 1078 1484 1767 556 617 1226 1096 1849 758 1493 1608 1363 365 711 1565 317 1738 1435 388 1541 489 1045 1971 1515 1131 681 1624 1699 105 1986 109 599 850 1452 1065 1109 506 1475 1000 1787 1893 1864 20 1406 995 26 46 902 602 1536 1423 505 1769 1204 1878 1263 258 940 214 1648 879 46 655 1762 828 185 1249 1162 171 775 748
1872 1870 1859 1260 822 1231 336 1126 787 57 263 1617 1725 913 49 1449 1321 401 872 778 1104 1414 1414 1245 308 1454 195 901 1282 982 1049 862 650 363 438 617 1617 1997 1728 635 1997 901 1997 1729 1212 1482 622 739 1923 274 1613 737 961 1471 1251 1485 1314 961 1783 1458 661 1120 1772 1848 1950 287 474 1761 685 1900 53 1182 1883 1422 1950 1843 755 863 1683 384 754 1113 1449 502 32 582 42 845 1859 117 1024 1338 1411 1153 1141 1144 1415 1229 1651 24
1438 1341 1396 1286 4 334 1013 406 770 595 1946 296 1170 834 1842 1733 1972 1281 1331 1940 1655 1711 1432 1257 923 1260 611 1794 74 631 1116 161 1905 1205 1845 52 1572 547 483 1170 1088 493 230 130 549 320 1413 1288 1656 1379 894 1640 888 1653 1400 296 821 300 288 26 1401 403 1734 949 517 1229 1565 397 696 1688 841 1798 481 77 1843 1324 678 700 438 226 1413 493 1899 1449 937 1016 1690 217 1393 749 1125 1712 1954 22 33 1641 328 245 735 1826
1800 1546 677 724 699 606 295 227 427 1488 409 360 1417 1806 1681 1661 139 1295 140 1678 1545 806 893 502 1316 1245 842 1280 1354 833 238 1948 344 1416 1889 333 238 990 1000 1256 852 1082 793 1159 1049 850 569 270 165 1064 294 1474 125 1518 1403 511 133 110 879 1209 907 53 1967 1952 852 121 1025 830 1006 1803 1587 805 955 960 247 1952 472 15 996 1683 187 1990 68 1716 1149 1161 1579 1587 1086 1327 54 1071 1430 1474 420 99 731 824 11 1052
924 974 1967 1712 1012 1072 1784 1029 1065 1380 1975 173 832 1825 1560 286 1718 203 1354 906 1518 1406 1455 763 1340 1135 1978 570 746 455 928 367 879 1543 1401 794 452 762 1170 291 682 16 473 1825 111 1809 1833 1320 1127 101 1472 1070 993 1115 110 1938 1895 1074 776 1560 874 1259 771 735 1544 1767 1901 1667 318 1566 108 1542 972 1633 1267 833 1374 654 1345 1586 385 1410 1471 629 1295 1612 1792 1497 264 1102 132 1123 148 1760 1614 676 1930 609 1572 1381
651 1497 690 38 845 380 213 703 107 1893 504 682 672 15 423 143 1331 1988 1189 292 1872 443 1570 829 1225 943 1908 661 827 1517 1771 388 1135 567 1585 740 273 626 738 1379 896 1171 1694 1787 409 680 639 50 1026 791 635 635 734 1636 58 746 1370 1837 899 1244 1444 1874 1292 1084 1415 934 1056 1497 348 340 1856 931 258 824 1300 1377 41 1922 240 1149 903 1297 258 1615 1150 1502 825 1678 647 1028 335 518 458 1062 1174 747 1198 1453 430 1058
1434 1445 963 1142 463 30 1075 1818 33 709 1234 482 169 1506 1358 705 394 796 1022 796 1934 153 1252 529 812 339 1268 1323 709 1911 230 498 451 240 1695 1334 831 535 1274 1555 1182 194 1565 855 339 1628 442 1640 1483 604 615 220 1262 244 1455 568 541 730 1564 1446 1761 837 579 231 1864 217 1147 539 516 867 886 1459 1906 180 506 176 839 1994 584 1054 1838 939 1835 774 488 913 1154 924 807 395 446 1512 1800 770 261 1979 1476 1413 1260 317
766 780 1440 1675 922 1447 463 650 1061 1531 919 1669 791 1949 949 570 1490 1606 275 51 1108 1378 294 464 646 300 1768 1962 57 162 1503 1680 1437 1715 791 271 712 656 748 1384 1484 327 197 920 1741 1754 1351 402 601 585 266 1484 129 1447 1101 329 294 928 1416 300 461 837 79 528 19 300 1318 1263 1793 1386 672 1807 324 965 1955 13 157 603 620 1581 1230 552 168 825 1409 446 439 337 1009 168 636 1211 1502 1125 1667 1181 1420 814 990 1782
1317 1589 419 1884 1822 1294 432 439 614 662 339 683 982 174 1761 1646 1647 276 1119 1384 766 615 1895 32 1198 932 55 617 921 1674 1659 115 358 1384 1130 1424 465 1282 1234 1891 662 14 1222 206 1342 740 794 1199 1774 923 259 515 1090 953 803 1418 836 725 414 662 1296 1244 1764 192 1656 344 48 626 284 1622 1438 1004 1051 661 1410 1425 326 1755 41 1947 1138 636 736 1045 628 1919 1562 1491 1642 1398 1621 459 574 1480 557 194 91 1073 1834 1561
1159 1875 911 1869 647 1672 780 27 1782 503 489 668 1230 1750 517 427 1176 1810 1517 1413 1097 286 372 1852 980 1179 1176 723 783 141 629 1394 753 1246 1008 856 963 954 1572 138 1277 190 1427 1413 397 1823 167 1925 309 1902 786 481 1557 1053 1800 1886 669 1691 1786 1614 383 1775 1402 137 353 855 1564 1060 1981 1842 1092 1932 223 1444 1170 503 1209 1687 925 1200 1677 1002 511 771 1097 1332 348 1987 1505 276 1005 1002 1696 785 1947 298 230 255 619 341
578 1558 1513 35 1951 1751 673 626 756 559 310 1350 44 1420 60 1163 1559 1537 1200 1116 1758 1780 1003 1155 205 977 100 1503 449 302 609 1085 657 1029 169 688 1276 1119 1598 1561 650 792 1031 297 70 1389 1889 1534 508 1777 1620 551 1445 5 228 1967 1894 561 331 510 1730 924 750 1483 423 280 1208 171 1268 419 1901 560 378 731 289 1937 1428 1183 841 1909 1134 327 297 1519 1679 1348 1777 19 971 1451 1948 1110 605 1854 1637 1649 1824 681 1552 58
160 176 1859 1812 608 1408 1524 1203 1310 642 686 1924 1858 1211 883 1511 209 1840 1610 592 65 1507 1325 1377 637 870 434 610 770 1521 811 1245 527 1801 1541 759 1924 1724 176 97 479 594 706 543 521 1708 1062 1598 788 984 1030 864 1147 114 865 291 930 1922 895 345 1220 1621 1699 849 191 286 425 276 1443 645 1528 339 822 1193 818 743 755 1955 1370 826 1867 504 532 1826 1691 572 194 1873 633 1565 1874 1576 891 914 577 1159 824 624 498 802
1707 37 386 1019 1652 1100 810 438 117 1269 1376 302 1770 1713 1257 81 1582 1526 822 606 477 1294 1747 877 45 207 1355 429 797 916 550 229 1836 1742 1823 1219 1089 100 458 534 1810 1787 1566 1852 1673 763 272 387 1003 658 1538 642 354 1520 1743 1082 1218 478 1817 1191 322 1829 12 750 1128 574 1942 1624 1577 213 506 872 481 1213 1538 1770 721 256 972 1874 953 186 396 253 303 722 1098 258 977 1803 317 725 1888 1273 398 5 1042 1945 850 919
1882 1589 592 1801 1288 19 1286 1516 1432 112 296 1624 1793 910 158 889 1214 1000 266 182 1478 76 1269 1972 1579 1736 264 1785 927 345 798 223 1232 1281 21 374 607 548 1500 1233 1116 892 769 568 1216 1927 1983 1904 1313 1611 1849 1117 198 743 439 672 1266 15 136 1748 1656 936 288 68 513 211 960 583 552 1584 1086 37 941 1801 931 1449 72 733 1111 1619 1343 673 453 216 878 682 702 155 1197 1531 955 1046 1394 877 1320 1251 1833 1721 845 856
270 1714 587 1644 551 60 951 1443 798 1335 1768 1125 503 442 680 553 1523 1308 1995 751 320 306 1324 1205 1636 1814 531 799 1696 235 1045 1880 938 1784 114 968 1384 241 1082 703 1498 1426 1126 882 596 1220 1413 1083 285 1568 1161 989 718 1874 1617 597 1104 1222 1096 1302 1989 1811 1235 999 740 1228 1933 1212 92 165 571 573 967 1691 1937 1400 918 934 327 538 1962 1763 1038 451 1481 374 1142 1620 521 1753 1063 1860 1626 921 1011 1019 1323 569 1635 85
831 1896 956 442 440 829 1443 673 187 1357 352 1383 1784 1625 484 369 359 1928 296 497 246 1779 937 125 160 44 460 387 1384 1471 898 11 514 522 882 119 803 292 235 769 1203 385 636 1998 1485 360 1222 970 505 61 525 145 1308 59 1211 292 963 1309 883 875 437 1192 23 369 1238 434 1579 221 1744 461 251 1083 1259 280 1673 227 830 1056 733 1135 1429 1494 147 1849 657 101 1444 1688 50 1409 870 633 991 268 1210 1816 1462 256 1776 1282
817 778 1967 892 579 507 329 1052 115 1934 1887 1854 1184 280 1333 1918 1734 1677 869 36 125 160 687 1462 1873 161 1114 1976 275 1187 1006 482 1507 1421 1396 456 542 911 851 971 875 1724 1639 372 380 1143 1440 262 646 1618 520 1702 1643 1216 1099 729 1513 260 1860 1920 1698 1199 1571 447 676 1065 436 1336 1342 1864 1765 1181 1414 1475 685 1034 246 1403 1477 1507 1643 230 1577 804 1954 146 807 28 1027 1018 1827 1873 1957 1991 1011 1092 473 1002 467 1437
1343 113 1571 1721 749 1748 678 204 1193 57 1297 351 1787 856 1293 1028 1900 1433 965 1313 487 446 818 927 1387 509 1052 235 1424 191 992 1277 1739 933 1369 1194 381 770 515 13 1124 1029 1497 758 1106 301 1734 388 1623 643 271 1584 972 1572 895 1541 1768 1144 1109 1961 1941 1793 545 490 1435 1144 1195 740 863 1504 1054 1866 268 31 693 107 206 1514 277 1833 613 88 1171 1947 259 1499 320 709 1075 736 1092 284 1889 713 1699 1450 1205 1591 905 525
1584 218 1850 1223 690 1566 1706 1814 248 1759 1946 918 1718 1097 862 42 1434 1901 948 497 1474 974 1492 1825 638 977 1848 1334 1096 273 1463 119 1830 1611 1578 928 316 549 1653 234 1195 1123 1337 1120 1737 1206 312 703 1198 139 1794 211 92 81 350 225 257 893 833 904 1855 1003 762 246 1936 1775 986 1129 755 894 1123 1811 1322 1278 1367 1707 1416 469 1322 1444 1885 659 204 1212 481 1116 949 1917 927 1773 1363 1680 738 874 674 923 718 1780 340 159
242